2,1,123.34646492538573,62.0687210083008,80.84528426055662,194.6233703613281,1,-1,-1,-1
2,2,451.61731119763107,56.25131530761719,91.5602994797379,216.11357727050782,1,-1,-1,-1
2,3,355.46450968177595,59.097225952148435,84.28129557785435,209.80779113769532,1,-1,-1,-1
2,4,239.49311499695193,76.49169921875,80.16588182250233,194.2309143066406,1,-1,-1,-1
3,1,121.72851560632057,61.266895913357644,81.15392648895887,195.36411136176633,1,-1,-1,-1
3,2,449.9909348798462,55.709011715591586,91.56564852370425,216.2058073044686,1,-1,-1,-1
3,3,354.4747307224315,58.057831874712235,83.78079007925304,208.5659683565338,1,-1,-1,-1
3,4,238.98572308315116,76.41212066856058,79.36982512435937,192.699373375423,1,-1,-1,-1
4,1,119.0639420441664,60.6486214352601,82.05483005017489,197.59024272293627,1,-1,-1,-1
4,2,448.8822679032841,55.808473573610314,91.34718039049015,215.86214249948182,1,-1,-1,-1
4,3,352.95074026369855,56.606925410834634,83.7787084454088,208.55370115219125,1,-1,-1,-1
4,4,233.5906010432045,74.49005260360555,80.29691360830309,195.66632828781852,1,-1,-1,-1
5,1,117.70218522516475,60.69501433970842,81.20115095375245,195.5819469392572,1,-1,-1,-1
5,2,447.773648166272,55.52876348581306,91.23645701194599,215.6395746618322,1,-1,-1,-1
5,3,351.0648162650951,56.026678819581065,84.31697048778452,209.86275356410965,1,-1,-1,-1
5,4,231.22481274806216,74.46360238766003,80.67373996014842,197.57149780772178,1,-1,-1,-1
6,1,115.92050849523531,60.20855006944872,81.23661465390177,195.82270765969,1,-1,-1,-1
6,2,446.5373493085817,55.43414193324065,90.32189986299764,213.4120096461212,1,-1,-1,-1
6,3,349.09889000736376,55.62486252086174,84.31178232781447,209.92711569767135,1,-1,-1,-1
6,4,229.72719128874476,73.67899464137325,81.12664717307138,199.86990779061384,1,-1,-1,-1
7,1,114.31365595786133,59.999609497348956,80.75159290006258,194.71084517235192,1,-1,-1,-1
7,2,444.9958905959625,55.54117485225383,89.60793488082543,211.70399916677965,1,-1,-1,-1
7,3,346.9684204840614,55.28923558840887,84.30715117498217,210.06539377418875,1,-1,-1,-1
7,4,227.38959444497416,71.93557029017641,82.27270049468068,203.77536842540715,1,-1,-1,-1
8,1,113.0303373155371,59.596734214198264,80.67579756281222,194.49727502491984,1,-1,-1,-1
8,2,443.78155717801195,55.27548760426326,88.91302006409104,209.97130204571263,1,-1,-1,-1
8,3,344.21854197691374,55.17022353480144,85.05577282718761,211.8876800448145,1,-1,-1,-1
8,4,226.31072459296828,71.40375266256534,81.24145197573347,202.32017811103012,1,-1,-1,-1
9,1,111.32764298530687,60.34123913346707,80.57705867748112,194.2165285921257,1,-1,-1,-1
9,2,442.53871134054,54.93364317013045,88.95325968630756,209.94275359707845,1,-1,-1,-1
9,3,342.33477777921655,54.762355970710615,85.43532682843492,212.76194075118588,1,-1,-1,-1
9,4,224.08062899401085,70.80966348265883,79.42843168924051,197.5898444307985,1,-1,-1,-1
10,1,109.49350500690902,60.928032706742954,79.99033033623854,192.85968458768815,1,-1,-1,-1
10,2,441.03916356232753,54.61197182338792,89.01602590238208,210.02183731127857,1,-1,-1,-1
10,3,340.48764869649926,54.52846117215071,85.80861113197292,213.85254429404262,1,-1,-1,-1
10,4,222.47721825236468,70.12826527683738,78.9449235072314,196.29020425790694,1,-1,-1,-1
11,1,106.38237792129999,61.31762983950276,80.4702446979345,193.97785143929082,1,-1,-1,-1
11,2,439.17118895515966,53.89729130025523,89.67137162934901,211.48854859879958,1,-1,-1,-1
11,3,339.4109087191399,57.253965900816624,83.76859971114689,207.85865174550682,1,-1,-1,-1
11,4,221.40141657481198,71.01365650067015,77.49090192429203,192.50969386382565,1,-1,-1,-1
12,1,103.99122750554244,62.31610723723662,79.93884476520309,192.5492334640964,1,-1,-1,-1
12,2,436.78892455451467,53.953935391379716,89.93042699715721,212.02581102197425,1,-1,-1,-1
12,3,337.90896174177266,58.26003061409463,83.78253534321077,206.79997160686696,1,-1,-1,-1
12,4,218.46093765587094,72.03295695453481,77.70507390027223,194.38057340378535,1,-1,-1,-1
13,1,101.58104293162198,61.41389741775956,80.26945861513977,193.4524360601893,1,-1,-1,-1
13,2,434.44444583627387,54.311955423670696,90.6373461390419,213.5976481454715,1,-1,-1,-1
13,3,336.8247586193756,58.32778544409892,83.75927455808387,205.68587844454234,1,-1,-1,-1
13,4,216.7769878440788,71.58841427959024,78.06964126100053,196.51008192562045,1,-1,-1,-1
14,1,99.68983292130908,60.700255589606414,80.34377168503161,193.90223195646112,1,-1,-1,-1
14,2,433.0628067312014,54.219802979276125,90.40968343137153,212.92498713751456,1,-1,-1,-1
14,3,335.42693344796953,57.8648502196165,84.45577620146155,206.22585650175319,1,-1,-1,-1
14,4,215.9435319642426,71.75214499099927,78.3046648912935,198.43417991468064,1,-1,-1,-1
15,1,98.32899344571561,60.62167590671022,79.98550660805044,193.09934400013324,1,-1,-1,-1
15,2,430.892683725971,54.25142147648424,90.69263624943719,213.44866416854683,1,-1,-1,-1
15,3,334.0589355236829,57.62481068053785,85.093625492937,206.67061646217445,1,-1,-1,-1
15,4,216.20276404017935,72.95992857423731,77.18678692975067,196.80405396484352,1,-1,-1,-1
16,1,96.75953758081556,60.60478110147868,80.24304196802616,193.70363645181047,1,-1,-1,-1
16,2,429.5844244752145,55.739804437285,89.55747146381859,210.61885251367463,1,-1,-1,-1
16,3,332.4578704118275,55.85490236605007,86.3332332849227,209.63584988107633,1,-1,-1,-1
16,4,215.9843761052266,73.92389831892282,76.74403819476993,196.78441552707005,1,-1,-1,-1
17,1,95.08968740695923,60.903886909662546,80.19185814513291,193.53859966327022,1,-1,-1,-1
17,2,427.94225184190384,55.22601967758361,90.01224997977477,211.6533780296664,1,-1,-1,-1
17,3,331.46476125075776,55.689322155067586,86.41119682576137,210.00086749230022,1,-1,-1,-1
17,4,215.64386295581542,72.89801465680975,76.88172099412321,198.12064130639442,1,-1,-1,-1
18,1,93.72712740988675,61.27367294358437,80.41073519187829,194.21908930455388,1,-1,-1,-1
18,2,426.5227776884107,56.26790020895862,89.55488979441505,210.61776933819198,1,-1,-1,-1
18,3,330.82370867269253,56.35590656099251,85.8615619303326,208.83980823581783,1,-1,-1,-1
18,4,214.69886659101968,73.52427056554558,76.29820888185529,197.3348501624411,1,-1,-1,-1
19,1,92.10811110139966,61.333351087425484,80.6045382232353,194.94982043149884,1,-1,-1,-1
19,2,425.0219132366613,55.94371490031499,89.82240741976264,211.4213512023529,1,-1,-1,-1
19,3,329.785998702151,58.295047719874276,84.77994608519258,206.1648608319524,1,-1,-1,-1
19,4,213.6012892043017,73.97245140035666,74.71713770256424,192.3576518601799,1,-1,-1,-1
20,1,90.8339616268863,62.56343193485529,79.76795552226437,193.36844035339413,1,-1,-1,-1
20,2,424.14379122665355,55.87221466631664,89.95027188773321,211.9547871659625,1,-1,-1,-1
20,3,328.7204249538811,57.283872751890485,84.97597827844612,206.99474637203733,1,-1,-1,-1
20,4,212.90403734823315,74.76294145964202,73.3564308313548,188.16597612108072,1,-1,-1,-1
21,1,90.05528285640526,62.58045942468681,79.39436791696146,192.69953670824515,1,-1,-1,-1
21,2,424.00068822110023,54.97739286901812,89.84484381973286,211.65804506754054,1,-1,-1,-1
21,3,327.33109939398327,58.71261833832456,84.53559304306602,205.9561487325952,1,-1,-1,-1
21,4,212.39914772236884,74.81282935410601,73.72280840668385,188.27957291725062,1,-1,-1,-1
22,1,89.28077040411378,62.281845841872354,79.23284290128476,192.49721785871532,1,-1,-1,-1
22,2,424.6048374101892,55.72328188012382,88.61395690433416,208.49111727623531,1,-1,-1,-1
22,3,325.99129805864794,58.983099869799005,84.45515662177345,205.6425654058577,1,-1,-1,-1
22,4,211.62801289582416,75.00883916640299,74.16520535494627,188.50488225456616,1,-1,-1,-1
23,1,88.46149414255177,62.105908220232095,79.15719703202463,192.38547935051042,1,-1,-1,-1
23,2,424.4881126205862,56.01872205110368,88.36916549559119,207.62539851408354,1,-1,-1,-1
23,3,324.94059280888035,59.018492704318106,84.00676451792562,204.47774034878273,1,-1,-1,-1
23,4,210.93699359884874,74.67976026002684,74.51146074722578,188.67601671839103,1,-1,-1,-1
24,1,87.70435105294973,61.762113214580495,79.1191890073414,192.4910202010285,1,-1,-1,-1
24,2,424.3706570551138,56.125464582683236,88.44578535591563,207.49567838873384,1,-1,-1,-1
24,3,323.63289965654803,59.3972836014311,83.35906240677743,202.8949608086661,1,-1,-1,-1
24,4,210.26037183717588,74.56578905035614,74.78403104040854,188.67894421277387,1,-1,-1,-1
25,1,87.39774606097637,61.7851979170362,78.60781117736157,191.4116297742623,1,-1,-1,-1
25,2,424.1635970480439,55.99150792111537,88.45395008444285,207.13525586707735,1,-1,-1,-1
25,3,322.6270241328213,59.11281169330569,83.37574680541776,202.95743807579962,1,-1,-1,-1
25,4,209.58993873162962,74.23032670845227,75.40652834849547,189.6122180020616,1,-1,-1,-1
26,1,87.17368817334128,61.63478806558784,78.46188933335166,191.25993637104366,1,-1,-1,-1
26,2,423.6639113496682,55.459147881024236,88.524480342608,207.0318837997825,1,-1,-1,-1
26,3,322.2795832248479,59.20610866615199,82.73199918108769,201.4693382753059,1,-1,-1,-1
26,4,208.36923603786505,73.97328919952567,76.51939208989936,191.7558101820753,1,-1,-1,-1
27,1,86.83496049691483,61.13339892958322,78.56004801625812,191.79855383069798,1,-1,-1,-1
27,2,422.7206695670586,54.340604496849934,89.25549691860398,208.8364289928355,1,-1,-1,-1
27,3,322.14848302832524,59.29930489334711,82.29804849829064,200.5845230380836,1,-1,-1,-1
27,4,207.46181654042147,73.80356664843474,77.23104987692527,192.94104495896912,1,-1,-1,-1
28,1,86.82914861469155,60.933544172561085,78.41683665280277,191.75234895007276,1,-1,-1,-1
28,2,422.3625435565493,53.87123266541825,89.65220323494754,209.89587714204808,1,-1,-1,-1
28,3,321.96751503112074,58.87572418413231,82.47262519354165,201.40740133129498,1,-1,-1,-1
28,4,206.27063185657877,72.15866677475529,76.92803438299315,191.6150297956135,1,-1,-1,-1
29,1,87.22572500814702,61.20128818090237,78.02486003151512,190.94514317812911,1,-1,-1,-1
29,2,422.32418597747295,54.05231977058858,90.03848833934488,210.75740286790966,1,-1,-1,-1
29,3,322.52381336070744,59.25214872979076,82.56937108561547,202.23276696385253,1,-1,-1,-1
29,4,205.4920151952469,71.47944808342994,77.12275910362062,191.76104898536212,1,-1,-1,-1
30,1,87.56124304016421,61.38532754391758,77.83634719645748,190.60488666372726,1,-1,-1,-1
30,2,422.66796605323975,54.34989917659689,90.00430666738825,210.56609476734133,1,-1,-1,-1
30,3,323.1108891074744,59.2079399961783,82.62720123732394,202.83311410596374,1,-1,-1,-1
30,4,205.62920896000958,71.42675922448912,76.9843158443637,190.77797514193648,1,-1,-1,-1
31,1,88.11936657025203,61.958681476008366,77.28896215994114,189.37793620101104,1,-1,-1,-1
31,2,423.1932379623556,54.81423277340552,89.78562155591969,209.92791497909147,1,-1,-1,-1
31,3,322.99474387101515,58.4234428339923,82.99984665786316,204.02128160424266,1,-1,-1,-1
31,4,205.79208568934425,71.49849638249648,77.07213250837971,190.3635973223278,1,-1,-1,-1
32,1,88.97208311030013,62.548890583225415,76.92532958876622,188.60146550262425,1,-1,-1,-1
32,2,423.9890795335716,54.26918491538976,89.35357993186052,208.90335167553576,1,-1,-1,-1
32,3,322.7342373377779,58.480407961252496,83.44226433538043,205.44880661417,1,-1,-1,-1
32,4,205.7680908441306,71.6986653429804,77.30477397747926,190.2497140888858,1,-1,-1,-1
33,1,89.96185294054442,63.04898595107511,76.58761847783057,187.86139954284317,1,-1,-1,-1
33,2,424.4279632977988,55.52723321041667,89.07247020397662,207.983659716054,1,-1,-1,-1
33,3,322.48089296266505,58.51276064684964,83.0274927084275,204.79238630800273,1,-1,-1,-1
33,4,206.61049184217825,74.08042387940642,78.32115603611001,192.2371178021487,1,-1,-1,-1
34,1,90.95355354465784,62.47175238567826,77.03304402010316,188.87585898064248,1,-1,-1,-1
34,2,424.85521132106135,56.039539002515085,89.10848172721123,207.85111968587523,1,-1,-1,-1
34,3,322.49932605195954,58.412198289063866,82.6492528512399,204.14493896277577,1,-1,-1,-1
34,4,207.3767670835872,75.12569743696051,78.76378883005496,192.76577671430272,1,-1,-1,-1
35,1,92.12681798009416,61.809863401526215,77.21274278594977,189.08448090786752,1,-1,-1,-1
35,2,425.2415053848787,56.715069727850405,89.07089667344542,207.58788991605294,1,-1,-1,-1
35,3,322.80566093305333,58.56469994506962,82.49611388259092,203.90723736922493,1,-1,-1,-1
35,4,207.86279569785864,75.88022345251913,79.14149864636511,193.06332145620613,1,-1,-1,-1
36,1,93.39078182985007,61.855061180769965,77.16439552083992,188.67099626936405,1,-1,-1,-1
36,2,425.5226581867551,57.19127003808737,89.0832509169977,207.4770350198072,1,-1,-1,-1
36,3,323.3451560228217,59.10716114378302,82.16019067423046,203.28231079853614,1,-1,-1,-1
36,4,208.82522008711965,76.58749929086362,78.69846754926698,191.4441031203868,1,-1,-1,-1
37,1,94.54253422755443,61.900148769022465,77.13110629452602,188.27341565911829,1,-1,-1,-1
37,2,425.8999157537122,58.289008317947875,88.69361045259464,206.3639587642302,1,-1,-1,-1
37,3,323.86565327617154,59.25048291522032,82.0030319101175,203.11703466288787,1,-1,-1,-1
37,4,209.09236330428703,76.90837581360763,78.74692724140637,191.08730731117313,1,-1,-1,-1
38,1,95.85839089757157,61.751566767587306,77.26907968578305,188.31470465608945,1,-1,-1,-1
38,2,426.03808966261334,58.59807466902724,88.68036161565338,206.02338835539317,1,-1,-1,-1
38,3,324.4698716267493,59.548817498391685,81.58115451517705,202.22763694191258,1,-1,-1,-1
38,4,210.06006640033135,77.61900476256663,78.31749778438866,189.44560553392566,1,-1,-1,-1
39,1,97.45269635057223,61.333115881805995,77.35661503940233,188.20577596881614,1,-1,-1,-1
39,2,426.635253343282,59.550284574908915,88.21509926003685,204.75362824513866,1,-1,-1,-1
39,3,325.14182938763344,59.87717244574442,81.50083969525508,202.25826796381435,1,-1,-1,-1
39,4,210.67208676514412,78.25481757108011,77.5514365619167,186.91769955697822,1,-1,-1,-1
40,1,98.82945228815932,61.597536060087435,76.89928102073006,186.81644180983568,1,-1,-1,-1
40,2,427.01494322356297,60.12283869244695,87.91931866950155,203.95648048438835,1,-1,-1,-1
40,3,326.053236893995,60.16776592335707,81.41127415571323,202.37998824642395,1,-1,-1,-1
40,4,211.48926694988032,78.84121005661764,77.56904680978177,186.20035981124235,1,-1,-1,-1
41,1,100.38849097667907,61.40890164454105,76.76358303603267,186.41957000339838,1,-1,-1,-1
41,2,427.44502258043303,60.03408646698499,87.99377726844729,203.98768094459317,1,-1,-1,-1
41,3,326.86067670558185,60.272425602931776,81.05722696575539,201.84107960493304,1,-1,-1,-1
41,4,211.77253181149308,78.4566470768374,77.7483490118976,186.2762763444916,1,-1,-1,-1
42,1,101.66399222605969,62.077151769178,76.61144992532876,185.93842381799985,1,-1,-1,-1
42,2,428.1790167979171,58.50497601580349,88.4977954753227,205.0144909831253,1,-1,-1,-1
42,3,327.6498877310545,60.17522895026039,80.81051359045318,201.6049319592014,1,-1,-1,-1
42,4,212.376912512667,78.56708292920344,76.98230916603464,184.102967246916,1,-1,-1,-1
43,1,103.1423972484431,63.59058147701067,76.04898644732769,184.64460653790232,1,-1,-1,-1
43,2,429.3203989664947,58.950915905619894,88.24499858721232,204.38529734172948,1,-1,-1,-1
43,3,328.7858580752662,60.77777135734891,80.40678702336959,201.01620400262163,1,-1,-1,-1
43,4,212.9066406323028,78.88187430582626,77.62251084090187,185.53870409789621,1,-1,-1,-1
44,1,104.40487069643292,64.96241327714546,75.73675565334125,183.46334933308435,1,-1,-1,-1
44,2,430.4517714240106,59.02288275207829,88.42282181362455,204.82383700265416,1,-1,-1,-1
44,3,330.61051199596295,61.377513129136574,79.88898641615673,199.85268075067725,1,-1,-1,-1
44,4,213.41514001463977,78.79267141379812,77.50947784397874,185.12071355922794,1,-1,-1,-1
45,1,107.07960116952435,65.87642974138747,75.51731159226274,182.65048949129252,1,-1,-1,-1
45,2,431.5831959913975,59.0637519904903,88.51205146466039,205.02520712639395,1,-1,-1,-1
45,3,331.9506954027594,61.63047223661934,79.55805634975478,199.21023844827397,1,-1,-1,-1
45,4,213.66690477742665,78.37835990888402,77.23937148530497,184.42954515939743,1,-1,-1,-1
46,1,109.92764783858327,64.7876685316612,75.49747220302882,182.7034916625711,1,-1,-1,-1
46,2,432.9503797330158,59.39430939510929,88.45928136906414,204.93621683263055,1,-1,-1,-1
46,3,333.02609896143105,61.145770129239764,79.548518177251,199.38375945548677,1,-1,-1,-1
46,4,215.27973669059935,79.28631693413453,77.47616715581805,184.73676978195465,1,-1,-1,-1
47,1,112.1512352029354,64.4226267328629,75.40486079510578,182.626549382018,1,-1,-1,-1
47,2,434.1028697729163,59.214566215451256,88.52741659522185,204.99349323739662,1,-1,-1,-1
47,3,334.2968790619728,61.23654313962891,79.04327331514354,198.2450563295762,1,-1,-1,-1
47,4,216.4018440858065,79.51017819098368,77.11295682278235,183.40918829900346,1,-1,-1,-1
48,1,113.83335946898933,64.336569295557,75.24278811283479,182.36146350222353,1,-1,-1,-1
48,2,435.3619131442579,59.498757773275585,88.29213120829004,204.93899419837706,1,-1,-1,-1
48,3,335.98134262601553,61.29296775699936,78.76487369050544,197.54663306606705,1,-1,-1,-1
48,4,217.51180587746066,80.0735446743922,77.01281275031981,183.01053213524176,1,-1,-1,-1
49,1,116.19149657225182,63.966742511743874,75.52350036343127,182.94358096631893,1,-1,-1,-1
49,2,436.6270153880763,59.49293027553941,87.91086953402333,204.65045804879264,1,-1,-1,-1
49,3,337.37398050849197,61.68409830425712,78.63152865574938,197.20097457164437,1,-1,-1,-1
49,4,217.9270441526379,80.26696840083082,77.6700143750769,184.49362047829237,1,-1,-1,-1
50,1,118.20445152520553,63.674412055042026,75.76550902609748,183.5821041940582,1,-1,-1,-1
50,2,438.3032332158822,59.87822157922517,87.67083630550661,203.9296332526821,1,-1,-1,-1
50,3,338.37707974629507,61.88529041014995,78.61336522700584,197.24024895944868,1,-1,-1,-1
50,4,217.7534572938401,80.67340213709394,77.03598215076973,183.01385424115358,1,-1,-1,-1
51,1,119.7844934947291,65.92516198354693,75.31548270650767,182.72427452649976,1,-1,-1,-1
51,2,439.43448856427995,60.361549619500096,87.78485711071457,204.13983923803448,1,-1,-1,-1
51,3,339.2096203315421,61.92452248117918,79.13723821558813,198.7209547819988,1,-1,-1,-1
51,4,219.95102244237438,79.45963435582964,73.08396209863221,175.3410776107822,1,-1,-1,-1
52,1,120.70353175222141,68.42203537048901,74.61122708814513,180.8482571424021,1,-1,-1,-1
52,2,440.0960835994128,61.24597204050528,87.4418755206068,203.28361463034094,1,-1,-1,-1
52,3,340.4682305828804,62.8979568204512,78.82042126539518,197.89690423261507,1,-1,-1,-1
52,4,222.0028821375122,81.12545120676639,69.93896261509248,169.41483317967365,1,-1,-1,-1
53,1,122.4544190486881,69.48309395275562,74.27829429281456,179.9848152800216,1,-1,-1,-1
53,2,440.6940371853485,62.14676699540274,86.93414364764733,201.93274487761676,1,-1,-1,-1
53,3,341.4052870887138,63.87275139029269,78.59716471008267,197.21936930550513,1,-1,-1,-1
53,4,224.34656217845753,81.51231692482858,70.73246771673335,173.07119488500604,1,-1,-1,-1
54,1,124.16208663193612,70.48572618101782,73.81976173220151,178.80325446016067,1,-1,-1,-1
54,2,440.3576638230683,62.82674792424578,86.70425898041549,201.22852872570843,1,-1,-1,-1
54,3,341.69093015335665,64.63611214335738,79.07787831518024,198.56266081315275,1,-1,-1,-1
54,4,226.31900173233944,82.95141793379649,68.96964966434113,170.1252640177009,1,-1,-1,-1
55,1,124.96687612712452,69.49267994199151,73.73673398199901,178.85482093532502,1,-1,-1,-1
55,2,440.871900624857,62.98320767188076,85.42585685325881,198.5876353697439,1,-1,-1,-1
55,3,343.019969645785,65.26482037913456,77.6970909787055,194.96598197334782,1,-1,-1,-1
55,4,228.1072415463191,83.80660952261806,67.30845131601217,167.23842340923488,1,-1,-1,-1
56,1,126.56581254963409,69.92036374259516,73.70537981021405,178.94403743793737,1,-1,-1,-1
56,2,440.5662994221191,63.739176802602714,84.65055866688984,197.22972251436101,1,-1,-1,-1
56,3,343.8715854510553,66.23175362727017,76.98792772944505,193.09834435320744,1,-1,-1,-1
56,4,229.58980567201405,85.95948160085834,65.6155716539404,163.82479688288214,1,-1,-1,-1
57,1,127.93785927684674,70.25586087009054,73.38810214797596,178.34342795570882,1,-1,-1,-1
57,2,440.21953319522765,64.84251541567139,83.86101330262426,195.78666986055413,1,-1,-1,-1
57,3,345.23551318462347,66.4187134054545,77.24075912335556,193.96307549301133,1,-1,-1,-1
57,4,230.47008520942376,86.9438299819732,66.0697018755419,165.90872035041824,1,-1,-1,-1
58,1,129.1327221872132,70.79906237059672,72.91633251565553,177.24720228306342,1,-1,-1,-1
58,2,439.47490834750204,65.99626589732989,83.49579511756555,195.2873570019267,1,-1,-1,-1
58,3,346.3985986693969,67.6159593330232,76.70346902108659,192.99430218559218,1,-1,-1,-1
58,4,229.47862783905444,85.36182908476263,68.08281378379623,171.30276925542336,1,-1,-1,-1
59,1,129.73649298806896,71.6266027970352,72.6417706006858,176.51674855643384,1,-1,-1,-1
59,2,438.85198380141145,66.96783352747141,83.30464939479319,195.3378419685787,1,-1,-1,-1
59,3,346.9790477546489,67.62887375492919,76.66661976190325,193.4157177353254,1,-1,-1,-1
59,4,232.75929495110688,86.11014725841707,66.1762150627842,166.87694045604968,1,-1,-1,-1
60,1,130.1591701675415,72.27850209746302,72.21641214011193,175.3661238659941,1,-1,-1,-1
60,2,438.85423870616336,68.10494696249481,82.89013841144127,194.5924908349262,1,-1,-1,-1
60,3,348.18312565959945,68.92283670094297,75.66215228025507,190.81865639512463,1,-1,-1,-1
60,4,234.44546748601738,85.3828142613074,65.33444907467334,164.76652209868723,1,-1,-1,-1
61,1,130.4113607792118,73.43228441207451,71.66454827764818,173.90837544151313,1,-1,-1,-1
61,2,438.1310943925499,69.97405021719932,82.27968613365557,192.85888391587017,1,-1,-1,-1
61,3,349.20824519954016,69.18579900089905,75.69496823891961,191.09063939280125,1,-1,-1,-1
61,4,236.26393123697818,85.15777813601541,65.10760949718431,164.37475887662387,1,-1,-1,-1
62,1,130.5708105042765,74.17427181694052,71.42415902497454,173.14991308361948,1,-1,-1,-1
62,2,437.8207646129064,71.63443029802812,81.32511620814968,190.49830565462338,1,-1,-1,-1
62,3,350.45839276600304,69.37675785769001,75.46543016453829,190.7902423652816,1,-1,-1,-1
62,4,238.84004919522556,86.78344924113547,64.57854553807991,163.03418571169632,1,-1,-1,-1
63,1,130.88827024439385,76.1378535593196,70.53453520236697,170.69264843923614,1,-1,-1,-1
63,2,437.8100280178793,72.86343182398723,80.40618761581472,188.19410234844733,1,-1,-1,-1
63,3,351.7472039943133,69.51741767175922,74.93555241118949,189.64656357194983,1,-1,-1,-1
63,4,241.67414477646426,86.48366709845607,63.765101727269375,161.633258850355,1,-1,-1,-1
64,1,130.84349586984004,77.3022306696135,70.15056736474271,169.557643036149,1,-1,-1,-1
64,2,437.5558834804625,73.7726456939572,80.00687309763893,186.96788422523332,1,-1,-1,-1
64,3,352.7652042413789,69.82966006472697,74.3581133132234,188.38648401887582,1,-1,-1,-1
64,4,243.67783746905963,87.24166043684488,63.636150714672006,161.81889876398174,1,-1,-1,-1
65,1,130.56993615768633,78.71750520445232,69.674909675908,168.317812727304,1,-1,-1,-1
65,2,437.46241075429907,74.15477332465726,79.84021016124615,186.5010351081252,1,-1,-1,-1
65,3,354.1591621744163,70.42465374409255,73.41379825299488,186.1755536593958,1,-1,-1,-1
65,4,244.92986309584808,87.56175973169594,64.16612113140728,163.82704149316518,1,-1,-1,-1
66,1,130.46653743112242,79.36694117812755,69.61390618342102,167.50013344565622,1,-1,-1,-1
66,2,437.93847243687736,74.0863238552067,79.1800532650683,185.23955969513207,1,-1,-1,-1
66,3,355.3909374727285,70.70782443948552,73.14250239071347,185.6782878589378,1,-1,-1,-1
66,4,246.16166911306962,88.04765604702091,64.41319513620903,164.97490490827633,1,-1,-1,-1
67,1,130.13250439130584,81.07021935873104,68.72115241296997,165.20734494595695,1,-1,-1,-1
67,2,437.9252338834723,73.67814415792994,79.55390476948713,186.29846637266044,1,-1,-1,-1
67,3,356.3520900404292,71.27740838274323,73.05516232214661,185.81910759232966,1,-1,-1,-1
67,4,246.7871025581824,88.98639961776773,64.86270609917113,166.31650499102508,1,-1,-1,-1
68,1,129.53861452175477,81.85011711534273,68.91455849187912,165.29552782186124,1,-1,-1,-1
68,2,438.0829969008106,75.21670278009606,80.2565043601515,187.7857480266211,1,-1,-1,-1
68,3,356.9175885826244,71.55603232670528,73.34440167315849,186.8143006891223,1,-1,-1,-1
68,4,247.30241294991748,92.06992292687667,66.51252182435027,170.32222136964037,1,-1,-1,-1
69,1,129.41797758926225,82.54530246412858,69.22360760645076,165.7272006673811,1,-1,-1,-1
69,2,437.703282257248,75.43845753139738,81.08163964896738,189.66677519438264,1,-1,-1,-1
69,3,358.0138034985795,72.10007495258331,72.87632217061854,185.8774110789653,1,-1,-1,-1
69,4,247.2695678257508,93.07702680802852,67.7753999837689,172.87517176864444,1,-1,-1,-1
70,1,128.82726575860306,82.65285218426838,69.67864974463876,166.75971598598878,1,-1,-1,-1
70,2,438.14531169628253,75.94854051054244,81.08677169475564,189.8601405276993,1,-1,-1,-1
70,3,358.7162763965964,72.67232635795226,72.44803310609687,184.755141162966,1,-1,-1,-1
70,4,246.89782189645692,93.74562508944145,68.74417022792424,174.26165618294235,1,-1,-1,-1
71,1,128.30769735298065,82.87942625194117,69.73460683737126,167.01868511227008,1,-1,-1,-1
71,2,438.6309897080247,76.22510878048735,80.59757671256214,188.44182117747158,1,-1,-1,-1
71,3,358.2152840111238,71.64558224994407,74.21299223720483,190.22099540151683,1,-1,-1,-1
71,4,247.4851269333842,95.61982560689042,70.0758340499601,174.91866770213713,1,-1,-1,-1
72,1,127.72354828598105,82.72631918973704,69.33597778628503,166.20724209947122,1,-1,-1,-1
72,2,438.87506037279326,76.2491040150491,80.36759412212515,187.50942776386066,1,-1,-1,-1
72,3,358.53012870902813,72.36999657390895,74.18036494774037,191.18849171812892,1,-1,-1,-1
72,4,249.47832030323252,96.33394210904984,68.98866960261526,171.23341050323216,1,-1,-1,-1
73,1,127.26926284680562,82.43505304399325,69.03515738091755,165.7151069821186,1,-1,-1,-1
73,2,439.14854607195025,76.96378370200608,79.93347809640399,186.14522526420325,1,-1,-1,-1
73,3,359.19895346647985,73.80712438702643,73.53757319964937,190.51521713146744,1,-1,-1,-1
73,4,252.53963976723304,96.77777140049378,66.98545812670667,166.0106723433533,1,-1,-1,-1
74,1,127.01493271783036,82.41273201086594,68.54055802446697,164.6071882621016,1,-1,-1,-1
74,2,438.802760760735,76.7023372773783,80.41366872133896,186.9707640732578,1,-1,-1,-1
74,3,359.38867136567194,74.93628185552171,73.23358263126562,190.73451305989022,1,-1,-1,-1
74,4,256.4899076341997,98.70233305189706,64.3518776690174,159.3507510391202,1,-1,-1,-1
75,1,126.99021179659839,83.16129982670603,68.02690802289996,163.43613279061498,1,-1,-1,-1
75,2,438.47414903570575,76.78225773997902,80.21834848066734,186.28069485400803,1,-1,-1,-1
75,3,360.18108333315956,76.27442683338312,72.41129926832058,189.11261432019168,1,-1,-1,-1
75,4,261.7172204948693,98.36604356091914,63.78217140002519,158.2153715075982,1,-1,-1,-1
76,1,127.18498289755063,83.70180853474625,68.02046321936885,163.32213813822437,1,-1,-1,-1
76,2,438.03497424352645,75.92607527971333,81.08384544998995,188.10792744152764,1,-1,-1,-1
76,3,360.47679423322296,77.74315082037033,71.23485571689635,186.3092088404965,1,-1,-1,-1
76,4,263.6494399283474,95.67715671727132,64.25883126153074,159.98140010684511,1,-1,-1,-1
77,1,127.17819413002624,85.1470352403093,68.12744613156964,163.4869354432049,1,-1,-1,-1
77,2,437.7814966641319,75.49533293201287,81.33963946629342,188.44391421973341,1,-1,-1,-1
77,3,360.8025327959682,79.674517106882,70.64688354360798,185.00391873461126,1,-1,-1,-1
77,4,264.5934787491259,94.73825809236021,65.66847801064345,163.22739039129908,1,-1,-1,-1
78,1,127.4042076666893,85.91772779452086,68.48668129241351,164.35631332629504,1,-1,-1,-1
78,2,437.53894073029676,74.98849056318957,81.05886573027107,188.34157014599833,1,-1,-1,-1
78,3,362.3054529847786,84.93810805095016,67.97265869076504,177.27462332056209,1,-1,-1,-1
78,4,265.3386473423825,92.45345354689289,67.24221276160549,166.94619176951437,1,-1,-1,-1
79,1,126.95125999929118,86.49867501701038,69.40611644644241,166.75359471478652,1,-1,-1,-1
79,2,436.82158579626036,75.15447872345479,80.15710159431225,186.79137251908008,1,-1,-1,-1
79,3,363.39902284950824,88.74630052011253,66.31794319109434,172.02681065399952,1,-1,-1,-1
79,4,264.995009749353,90.96254008313848,68.27094101360797,169.51977618420446,1,-1,-1,-1
80,1,126.6782265683178,87.54114416926338,69.0468632588457,165.85927913775234,1,-1,-1,-1
80,2,435.3635113163125,75.74523336796696,80.66242659110817,188.7919693498094,1,-1,-1,-1
80,3,363.4998515101274,90.47731680683431,66.2395287166971,170.85367458228686,1,-1,-1,-1
80,4,265.2177648097464,90.79064824838099,68.37658077631755,169.28836019223462,1,-1,-1,-1
81,1,125.9692155566305,88.60205826682653,71.0064336181817,170.4969641365954,1,-1,-1,-1
81,2,435.2614559769142,77.10214428705237,79.18114663123471,185.08679423133538,1,-1,-1,-1
81,3,363.8653385959897,92.03991544363396,66.07958453605356,169.54966760472155,1,-1,-1,-1
81,4,264.8807072803296,90.68215709963185,69.193849523931,171.0020060684768,1,-1,-1,-1
82,1,126.43069515115121,89.15293506859797,69.05339016120075,165.9184886475744,1,-1,-1,-1
82,2,434.745481812182,78.72596490412243,78.75574185395664,183.69033507996556,1,-1,-1,-1
82,3,363.3927494622528,92.33304378190265,67.48924062742923,173.27230240352688,1,-1,-1,-1
82,4,264.8824050245401,90.32977477012693,70.23213559134707,173.71264124370407,1,-1,-1,-1
83,1,126.67962229515373,91.14437238807993,68.1241664843529,163.5450903097699,1,-1,-1,-1
83,2,433.9061389373002,79.80083210505013,78.77919012271062,183.40526758424411,1,-1,-1,-1
83,3,363.3437191422373,93.34395633149241,67.49204503023586,173.36550776883033,1,-1,-1,-1
83,4,266.9489328001913,92.71028047487928,68.41537761710941,169.65444126226328,1,-1,-1,-1
84,1,125.48756235568437,92.40306362919841,67.96601986477705,163.15355147166179,1,-1,-1,-1
84,2,432.6904092022543,80.89510998415759,78.5258000080266,182.45733752031384,1,-1,-1,-1
84,3,363.7679809281722,95.20229995037259,67.45788170239666,173.38925384544856,1,-1,-1,-1
84,4,268.5467735988511,97.8775996174683,66.36448594770114,164.28124283975998,1,-1,-1,-1
85,1,124.36672471457223,92.91115899158581,69.32884869992336,166.3409233258228,1,-1,-1,-1
85,2,431.71418949488924,82.66150937896596,78.0307868657796,181.006813091513,1,-1,-1,-1
85,3,363.74644003382906,96.24825395524338,67.6441031961326,173.8522979734469,1,-1,-1,-1
85,4,269.48380689742555,100.17669980997414,66.76935377407017,165.2393986135341,1,-1,-1,-1
86,1,123.4181620580441,94.80753391450868,67.99464668188622,162.76048874673089,1,-1,-1,-1
86,2,430.44620836632794,84.20667264046645,77.54097679487295,179.6916643787938,1,-1,-1,-1
86,3,363.7567709827998,97.46091249116033,67.51158983402127,173.6527246864819,1,-1,-1,-1
86,4,272.7268332514538,104.48245399262736,65.8804592182092,162.93316866918687,1,-1,-1,-1
87,1,121.93940638560588,95.086235337974,68.22137956921041,163.06913534443888,1,-1,-1,-1
87,2,427.2123316869213,85.8095884798764,78.43470979959649,182.36755945944037,1,-1,-1,-1
87,3,363.96227406793724,98.4242141194335,66.9402348838031,172.22610375249755,1,-1,-1,-1
87,4,272.78688056977535,104.90450754981795,66.22276374000157,163.43399741846193,1,-1,-1,-1
88,1,120.2489485512007,93.77505308685961,69.30771070035865,165.5259994589779,1,-1,-1,-1
88,2,425.22885849199054,87.97566306398683,78.6853309583007,183.2104291626869,1,-1,-1,-1
88,3,364.07413428636033,99.09739552124691,65.83796896468,169.67802631426144,1,-1,-1,-1
88,4,272.60795346545893,103.99700604633762,67.20833357798558,165.93708488900074,1,-1,-1,-1
89,1,118.27018695636266,89.3794040594132,70.8855937470194,169.6322660158339,1,-1,-1,-1
89,2,424.9269600428938,90.35357168760243,76.95690685925211,178.91175046993567,1,-1,-1,-1
89,3,364.03060288153415,99.33933531750665,65.95700017376198,170.37859296721211,1,-1,-1,-1
89,4,272.11401344040655,102.69823005113658,67.72705625292474,167.412149439874,1,-1,-1,-1
90,1,117.08045451071814,87.8616548133515,71.4089240169679,171.266373343455,1,-1,-1,-1
90,2,424.3772820967603,92.54764022666922,76.09611249448623,176.5048999442336,1,-1,-1,-1
90,3,363.85328244625305,99.65386182930555,65.759763220142,170.04050424576184,1,-1,-1,-1
90,4,273.9069292762476,101.35753599649334,66.47895828948425,164.3912619302742,1,-1,-1,-1
91,1,115.6066565054572,87.61613991703038,72.06051537223189,173.20224904347606,1,-1,-1,-1
91,2,424.2492018032334,97.19953473137127,73.59959348417061,170.79986920600606,1,-1,-1,-1
91,3,364.7814844140471,99.53488002827264,65.49492318921594,169.59499558591457,1,-1,-1,-1
91,4,274.48925523683033,101.07126687140254,65.8690794444709,162.75641485174242,1,-1,-1,-1
92,1,115.12336028956983,87.61240615619256,72.27855552687093,174.11141415673367,1,-1,-1,-1
92,2,423.7741691155392,99.91418709556207,72.13692394470502,167.38136889973097,1,-1,-1,-1
92,3,366.0462557934103,97.7584351778794,65.87835079117191,171.23169866249432,1,-1,-1,-1
92,4,275.18394877294867,101.0345693821526,65.50983097553964,162.33491264214393,1,-1,-1,-1
93,1,114.88109937765324,88.28856181401106,72.11457684600384,173.82191577447801,1,-1,-1,-1
93,2,422.94863882398306,98.69398353177777,73.18909563031724,169.54596324052346,1,-1,-1,-1
93,3,369.04801868515324,97.506193078843,64.0911154503975,166.60081092073605,1,-1,-1,-1
93,4,274.921943059001,100.54699070562191,67.53598859561397,167.3493555996119,1,-1,-1,-1
94,1,113.8943441904076,88.23224666579078,72.27629531066508,174.1602460838802,1,-1,-1,-1
94,2,422.5592890498293,98.58627592318192,74.02339782729223,171.0103667696024,1,-1,-1,-1
94,3,369.3121476309933,95.9119407144539,64.73467054780399,168.20376983556613,1,-1,-1,-1
94,4,275.5759140035113,101.40859724420838,67.69329441610901,167.8181136019918,1,-1,-1,-1
95,1,111.82576282341601,90.40772523502612,73.00624165441306,175.6259339371276,1,-1,-1,-1
95,2,423.43535264678934,98.90090611447029,73.61021679710105,170.2247201136121,1,-1,-1,-1
95,3,369.93462551380827,95.37778961041701,64.9099659024223,168.34710095772755,1,-1,-1,-1
95,4,279.3507863121261,101.95939068511358,64.65971900786712,160.51463858454142,1,-1,-1,-1
96,1,111.0257416945172,90.70603588775398,73.77742839640956,177.11886526031952,1,-1,-1,-1
96,2,423.0389486400939,100.37197891680515,71.29178172986727,164.59977426126363,1,-1,-1,-1
96,3,369.56746625346926,91.76004931257971,66.51576026951726,171.990046114484,1,-1,-1,-1
96,4,281.8173900362824,104.55921897438299,62.15472175061231,154.12949111512114,1,-1,-1,-1
97,1,110.16599043053301,89.64623255046423,74.93133589012679,179.5606679351633,1,-1,-1,-1
97,2,423.1738447996548,101.04308329921618,70.92697331841246,163.50105071220534,1,-1,-1,-1
97,3,369.33981825505634,88.67797280838668,67.71200864312283,174.5734827880722,1,-1,-1,-1
97,4,282.3031945560473,106.03256424021019,62.36742448024524,154.41566105219513,1,-1,-1,-1
98,1,110.16939475865627,89.53949261561264,74.1284783535761,177.35282120176518,1,-1,-1,-1
98,2,422.5365339063462,99.52967891645065,72.02425716141289,166.28436673933265,1,-1,-1,-1
98,3,371.14518131046907,87.02196145822134,66.8550611268993,172.07806574996516,1,-1,-1,-1
98,4,283.74162626333106,109.71272240992265,62.04729988063139,153.62422131834526,1,-1,-1,-1
99,1,110.22525204781192,88.99670931201716,74.34985342086327,177.5440599281715,1,-1,-1,-1
99,2,424.2952948435128,96.27176286589508,72.17501072518202,166.1867798413768,1,-1,-1,-1
99,3,372.0587368269235,87.23131217692662,66.70721299737536,171.55536510307655,1,-1,-1,-1
99,4,284.6415490474374,110.79097321451101,63.43168470838183,157.0565675233596,1,-1,-1,-1
100,1,111.02984984189862,87.70182993265854,74.4787546702019,177.28775932872037,1,-1,-1,-1
100,2,424.6175055377759,95.12488146445398,72.76304741019078,167.19846096934742,1,-1,-1,-1
100,3,372.3265621848732,88.36784689815244,67.33935421930578,173.16515711520526,1,-1,-1,-1
100,4,284.2037398927704,109.8558649272617,64.84974285303575,160.80530186754044,1,-1,-1,-1
101,1,111.12346798884376,87.08181096377446,75.13720650860333,178.76714550366373,1,-1,-1,-1
101,2,425.25588789596725,92.4783485573433,75.21501530310016,172.27708160030838,1,-1,-1,-1
101,3,375.3968541539173,92.79025047967696,65.30469202879524,168.05265423430473,1,-1,-1,-1
101,4,283.31882895500206,109.06280015728912,65.21079230904868,160.58855224545815,1,-1,-1,-1
102,1,109.90848359522641,86.06689059464702,77.12790982434132,183.99022932743463,1,-1,-1,-1
102,2,425.61708952782527,90.2951478250965,77.75996851020696,177.30311221332283,1,-1,-1,-1
102,3,378.0236110196256,95.68313687497967,64.02435652438889,164.7847224611887,1,-1,-1,-1
103,1,109.11327775244322,85.76972871282479,77.45438356817516,185.18280490403492,1,-1,-1,-1
103,2,430.41794139071226,89.90201034708508,77.22373571530788,175.87552828086945,1,-1,-1,-1
103,3,379.9566657461895,98.23270127636634,61.426877566324535,157.75028586791362,1,-1,-1,-1
104,1,108.83128096408933,85.12455255985012,76.75864816823851,184.0592690093605,1,-1,-1,-1
104,2,434.230696199034,90.31526594305954,77.85999960731846,177.5921980139856,1,-1,-1,-1
104,3,379.93582694685847,96.35554965548897,64.30426885496682,165.04819957878726,1,-1,-1,-1
105,1,108.67908082194361,85.6002212772425,75.68597876164563,181.80263893690852,1,-1,-1,-1
105,2,437.0946363082317,91.56397736558428,77.17284560580573,176.08527455860096,1,-1,-1,-1
105,3,380.62513308935644,93.74202349841647,67.41162962013361,173.2154256799185,1,-1,-1,-1
106,1,108.09253133525169,86.82470456666903,76.13209409484698,182.71747135092835,1,-1,-1,-1
106,2,436.4716260238325,91.0732898472107,78.9100555342128,180.4087380386665,1,-1,-1,-1
106,3,380.304413289459,91.42425951005616,69.1991102416087,178.10067730807836,1,-1,-1,-1
107,1,108.24983328894814,88.28489321414374,75.5567022595157,181.70533439994668,1,-1,-1,-1
107,2,437.35615196322703,90.55565847798148,76.40986351537052,173.7487869385259,1,-1,-1,-1
107,3,380.78981319225795,92.47900743240153,66.77169371790326,171.70693929973376,1,-1,-1,-1
108,1,108.3400587479936,88.60635947529497,75.26125570037196,180.69496405074625,1,-1,-1,-1
108,2,436.88706783762416,88.9051557407917,76.290549919026,172.65219134365404,1,-1,-1,-1
108,3,380.51450562116906,88.13307337107182,69.65477196191307,179.58352577524886,1,-1,-1,-1
109,1,107.93378505858618,87.52354528979535,75.85713844685152,181.5856640311743,1,-1,-1,-1
109,2,438.42673172817604,88.3451088685474,77.06765437102341,173.55828382665598,1,-1,-1,-1
109,3,381.20868874541924,86.58649825785811,70.52510241739495,181.31241339748604,1,-1,-1,-1
109,4,278.8758959499079,102.47562870467797,68.46851442518418,165.74858429884097,1,-1,-1,-1
110,1,107.40985603663113,87.330034576165,75.80670853684572,180.94181420016488,1,-1,-1,-1
110,2,438.7365189104394,86.45213072289653,80.19767276456176,180.55526504638175,1,-1,-1,-1
110,3,381.9363833976014,85.898469548242,71.64436077685511,183.84021758222704,1,-1,-1,-1
110,4,276.04216116411965,103.61658752294798,71.30977869942403,168.304922974686,1,-1,-1,-1
111,1,107.87766906813907,86.49849900215206,75.12766008746294,179.57615422018412,1,-1,-1,-1
111,2,439.4330736683726,83.56078512565044,82.25127164791095,185.03371726413386,1,-1,-1,-1
111,3,383.4102144029099,86.56188457228197,71.71377375048104,183.34159669036706,1,-1,-1,-1
111,4,274.7923967341967,104.0924458571395,72.7858007184804,169.4978707993629,1,-1,-1,-1
112,1,107.49904154498336,84.55377000762297,75.91178100917544,181.91007334072498,1,-1,-1,-1
112,2,441.45263746028644,83.05485250174124,82.62597222328282,187.13392199608944,1,-1,-1,-1
112,3,384.56687675191563,88.46294394501916,70.30770726792721,179.26282776286558,1,-1,-1,-1
112,4,274.615259247935,104.27975854587328,73.88517184529353,170.7882797600667,1,-1,-1,-1
113,1,107.46492950897189,82.37174201597793,77.66256335764797,186.462460303169,1,-1,-1,-1
113,2,443.7942585922715,80.11807700299555,83.28068661165398,188.6260823049506,1,-1,-1,-1
113,3,386.1846868732756,90.58731245613949,69.36007751624973,176.20315062126778,1,-1,-1,-1
113,4,276.8468457039338,105.41093293279026,71.64482914832837,165.22910511776107,1,-1,-1,-1
114,1,108.71977415629306,79.89278033102465,78.23494152215414,187.9841690205385,1,-1,-1,-1
114,2,444.7984126418559,77.55833087917792,84.97027920187166,192.47595955881528,1,-1,-1,-1
114,3,389.58910631237586,93.82619401916085,66.43146410507768,167.58631963989205,1,-1,-1,-1
114,4,277.99397773753526,105.12524749406604,70.69002263791174,163.35319724382666,1,-1,-1,-1
115,1,110.17881814350538,80.09215161144195,77.72318848522141,186.81943084891378,1,-1,-1,-1
115,2,446.1474704302325,78.65326112761058,85.41265845022326,193.0796124090908,1,-1,-1,-1
115,3,390.9596293496737,96.18928869931085,64.1378304313938,161.03923328721828,1,-1,-1,-1
115,4,281.27207213627906,104.6266253135183,69.16758005397575,160.45621870423344,1,-1,-1,-1
116,1,110.8961413633771,80.27381709403414,77.74916620218738,186.4416050786258,1,-1,-1,-1
116,2,447.6825135416635,79.63051616451241,86.17696514839395,194.83962818605715,1,-1,-1,-1
116,3,390.795173797948,95.86765600479603,63.75067166054907,159.56547089509598,1,-1,-1,-1
116,4,285.66532574895206,104.16494948928805,66.14381231929208,154.60960945873725,1,-1,-1,-1
117,1,112.03861700448769,79.7772109215286,77.78427685092801,185.96529443090495,1,-1,-1,-1
117,2,451.1127882523392,82.87139077021718,83.07046970641478,188.4585417442167,1,-1,-1,-1
117,3,389.9650589500906,93.89364184369826,65.6399404476091,164.14629333241507,1,-1,-1,-1
117,4,287.48334078041523,103.49659989786171,65.82807048414416,155.31583940692897,1,-1,-1,-1
118,1,113.82937858708226,80.21806564615247,77.42152303319983,184.14710496514698,1,-1,-1,-1
118,2,453.55093958067795,82.4514631103589,82.60305360024527,187.55104710193615,1,-1,-1,-1
118,3,389.8175032541842,92.53366947148156,66.88388982351077,166.59930728894514,1,-1,-1,-1
118,4,287.7488737479349,101.80784161909591,67.58829925357142,160.8247449280111,1,-1,-1,-1
119,1,115.86056287776375,79.83788065397854,77.10212095147664,182.8106836680148,1,-1,-1,-1
119,2,455.66189544524025,83.2360617479634,82.90968977253173,189.07464171220911,1,-1,-1,-1
119,3,390.0376256339106,87.27844427264245,69.67769598519389,173.4007173859672,1,-1,-1,-1
119,4,288.1041703765188,101.90780075757615,68.71430811728416,164.73473465831154,1,-1,-1,-1
120,1,118.91114388335168,79.47152908435062,78.47374832363096,185.33237641825198,1,-1,-1,-1
120,2,457.01097554033475,82.51868512124297,81.92635149537024,188.0106708785364,1,-1,-1,-1
120,3,390.0025014567527,85.07714642682907,70.74888543150718,175.841339976452,1,-1,-1,-1
120,4,291.0100482037286,101.91704916159402,67.067466383708,161.87922394912115,1,-1,-1,-1
121,1,122.12783553275057,78.10070912184803,79.52603136143904,187.3239917586911,1,-1,-1,-1
121,2,459.3924018216648,82.46342410738686,81.55932974293925,187.62563887407896,1,-1,-1,-1
121,3,391.5599789333056,84.35405408650949,70.5853064071402,175.3590009402977,1,-1,-1,-1
121,4,292.74709370058514,105.63700686151313,66.50506837048191,161.46525340880902,1,-1,-1,-1
122,1,125.15152014771883,77.08465919876585,79.6479876839684,187.277004482343,1,-1,-1,-1
122,2,459.38852727751885,80.30937048620346,83.82582867697668,193.34616454404122,1,-1,-1,-1
122,3,393.8719913347547,84.22354120598371,70.45174080574193,175.2589985770889,1,-1,-1,-1
122,4,295.3307103085274,107.36776701833989,65.0818154732189,158.5626242593242,1,-1,-1,-1
123,1,128.72722114388284,74.85396738740344,80.80732080341565,189.5159487152981,1,-1,-1,-1
123,2,461.0242025635034,75.81181852013101,84.79706495835063,196.52169634141475,1,-1,-1,-1
123,3,394.9140314755946,83.91830648972343,70.91346697824446,176.51643044289054,1,-1,-1,-1
124,1,133.24412897034722,73.5472762337225,81.73351125737352,191.10695046705075,1,-1,-1,-1
124,2,463.7645212755734,72.61469280883827,84.52547360506017,196.06931736792842,1,-1,-1,-1
124,3,397.3531289468415,85.1834805594987,70.03550608301775,173.8601973788001,1,-1,-1,-1
125,1,137.29148950465478,73.88199155987168,81.71689676656776,190.73578005945743,1,-1,-1,-1
125,2,464.9499119423903,69.42690268378254,85.27890671024144,197.17781514401565,1,-1,-1,-1
125,3,399.9548689258171,87.06124820854018,69.41366238161471,171.80839178793633,1,-1,-1,-1
125,4,299.36267013245237,99.41205786854049,65.47423467912927,160.45658066518072,1,-1,-1,-1
126,1,141.0197344727331,74.0460883437197,80.67827617803701,188.13348833434327,1,-1,-1,-1
126,2,466.6072564154567,67.09138510429626,86.57602576605275,199.40264125425196,1,-1,-1,-1
126,3,402.60159284529993,88.49026569376102,67.82394988440376,167.12375386988003,1,-1,-1,-1
126,4,300.10457202363085,95.13159278837409,65.45453071573341,161.10799957522715,1,-1,-1,-1
127,1,142.46575758376238,75.32342149798926,82.78707847550282,193.18767185805487,1,-1,-1,-1
127,2,469.07898827556085,65.99571625323286,86.73999338610977,200.18268428555407,1,-1,-1,-1
127,3,407.29575261107004,89.55217253260632,66.39679650009185,163.71473657873443,1,-1,-1,-1
127,4,299.030479803389,89.4106566032519,67.7244075018693,167.2202724179759,1,-1,-1,-1
128,1,147.07394445628069,75.36458584145538,82.35706476916621,192.46537391665072,1,-1,-1,-1
128,2,469.6717042995754,67.50903665796024,89.65915004740722,208.50356051732277,1,-1,-1,-1
128,3,408.89846172148475,86.84318465755919,67.26074943254159,166.42481727695838,1,-1,-1,-1
128,4,298.84539339141463,88.425684258226,68.54039550164461,169.52989039964137,1,-1,-1,-1
129,1,151.39829800882555,74.39805229357052,82.5942597531437,193.34307117535684,1,-1,-1,-1
129,2,471.81962896712747,69.85905545046235,90.6994523796603,211.98931723098312,1,-1,-1,-1
129,3,409.22751586265645,85.99387450985165,69.4625760984644,170.7869490493672,1,-1,-1,-1
129,4,298.83015997159674,88.8219670836969,68.89042642011759,170.62374370240138,1,-1,-1,-1
130,1,153.59238336921578,72.77565066373917,83.16385050773916,194.75317275824872,1,-1,-1,-1
130,2,475.0832114074797,71.85108710241518,86.96138761679265,203.3602893551545,1,-1,-1,-1
130,3,410.10638659498153,81.89774998968392,72.49750304478319,178.3195815551286,1,-1,-1,-1
131,1,154.28171423419835,70.99323216858903,84.43317975795479,198.1421108876424,1,-1,-1,-1
131,2,475.6971058899948,71.59836605904187,86.81518126884939,203.09451750732404,1,-1,-1,-1
131,3,411.31684514189226,78.25137619696238,73.92025596178095,182.05784873437239,1,-1,-1,-1
131,4,298.7097852885646,93.05348232625599,71.23434096608636,176.29043216432592,1,-1,-1,-1
132,1,154.90363115256525,69.45178213716558,85.9181074421387,202.19435607345284,1,-1,-1,-1
132,2,476.3309789084116,71.24021814268458,86.07617736340907,201.01822341801935,1,-1,-1,-1
132,3,411.89548413720274,76.49020132470064,75.20133755961618,185.72271285850823,1,-1,-1,-1
133,1,155.32939307400258,69.16874171586005,86.84248405218898,205.09437347414223,1,-1,-1,-1
133,2,475.0188809230358,66.70604941260643,89.23952543274957,209.11892534052868,1,-1,-1,-1
133,3,411.9250288172137,75.11158353666855,76.90684253524992,190.41445205759794,1,-1,-1,-1
134,1,156.1480807083691,68.87303326274395,87.23107459698261,206.53414927842113,1,-1,-1,-1
134,2,474.16552523590474,62.50172243685962,90.88826172881595,213.56167603582432,1,-1,-1,-1
134,3,412.0619206817227,74.70819348148848,77.31114920287585,191.61074024516932,1,-1,-1,-1
134,4,301.3129281676874,95.89248092724497,64.80126248116088,160.896867511938,1,-1,-1,-1
135,1,157.09212333906282,68.30090737460901,85.95626184011645,203.86938892736737,1,-1,-1,-1
135,2,475.17308854048514,60.297257615715054,89.33846487538185,210.22627098849583,1,-1,-1,-1
135,3,413.1016630728646,74.76997139575192,76.05821388338234,188.6034033078871,1,-1,-1,-1
135,4,301.9462707534473,94.23500825184257,64.81266185746024,162.75764239119803,1,-1,-1,-1
136,1,158.28478170882818,67.64908463598039,84.91715292747737,201.096286567277,1,-1,-1,-1
136,2,472.41902783868534,56.51380790117321,91.61281621055011,216.15814904697385,1,-1,-1,-1
136,3,412.94198453723095,76.13880318306583,75.71142967345061,187.91485714906278,1,-1,-1,-1
136,4,302.7640100892541,90.97843963565073,65.03071836170069,164.91316586283446,1,-1,-1,-1
137,1,161.27255207248515,67.9918306728391,84.9775793668127,201.1847179897368,1,-1,-1,-1
137,2,471.4708004628702,53.77528829162735,92.18392326487178,218.28546214197584,1,-1,-1,-1
137,3,412.9763967010272,75.98900101858224,75.62421245984271,188.09346185592287,1,-1,-1,-1
137,4,303.02517295941897,89.93184269088574,65.30976966975433,166.96251308005063,1,-1,-1,-1
138,1,162.26873618636333,66.48944539290824,85.20205164812076,201.6479936801635,1,-1,-1,-1
138,2,470.4918343121203,52.512800968572265,93.20583751293294,220.85328018196418,1,-1,-1,-1
138,3,414.5122789217352,74.81678866378705,75.36921099751193,187.77760873792224,1,-1,-1,-1
138,4,303.9510537788753,91.70279917980766,64.13893744945902,164.75254461998466,1,-1,-1,-1
139,1,163.56979713028832,64.13472556482792,86.42949410096185,204.5764805043951,1,-1,-1,-1
139,2,470.70252839117387,53.250586323028344,94.22074664379178,224.0226815863828,1,-1,-1,-1
139,3,415.44408265567847,75.20090850596834,75.19240656262805,187.5268370984214,1,-1,-1,-1
140,1,166.21399650084,62.59523699292943,87.3124087404682,205.633646658584,1,-1,-1,-1
140,2,472.4585306573702,56.396705076429626,92.3221975593843,220.14028251379366,1,-1,-1,-1
140,3,415.38743811542673,74.6981690685908,75.17109221842759,187.41463287556576,1,-1,-1,-1
141,1,166.93227532313938,60.12620648119746,89.08036686797705,210.3221338959814,1,-1,-1,-1
141,2,472.82968152212163,59.71078996718472,90.34157251594819,215.34792900770645,1,-1,-1,-1
141,3,414.7098341219772,75.1450608556694,73.84336563517064,183.45729018416748,1,-1,-1,-1
142,1,169.55923738551692,61.635279469926346,86.66288250007618,204.984909519029,1,-1,-1,-1
142,2,473.5795841915144,62.25593415594514,89.75410658012538,213.46996669325375,1,-1,-1,-1
142,3,414.1145702310675,70.15885767827945,76.72059758129008,191.23120377787694,1,-1,-1,-1
143,1,169.2684926390238,60.398230278243375,88.12696976499278,209.19315392858084,1,-1,-1,-1
143,2,472.2866204462094,64.70876520378782,87.9933155715906,209.48221992129433,1,-1,-1,-1
143,3,413.6454129406114,65.81024976923537,77.01641720141042,193.16278992899836,1,-1,-1,-1
143,4,305.0907810790857,87.53688603515195,67.81950843503131,175.12201072750787,1,-1,-1,-1
144,1,171.12785500522938,59.022370129452966,89.7029009803231,211.63596687058705,1,-1,-1,-1
144,2,474.13746321055754,65.13444987618733,86.72834926583855,207.12748715087812,1,-1,-1,-1
144,3,412.81990576185893,63.459257442439934,77.44494512473125,195.53217991489043,1,-1,-1,-1
145,1,170.004277161578,57.626885076138635,92.24712173340518,218.47838534193838,1,-1,-1,-1
145,2,475.47487476034183,63.50386290703763,86.21714816097817,206.48581552314587,1,-1,-1,-1
145,3,413.5721804659283,62.854250002049,77.77866407821507,197.57114559285625,1,-1,-1,-1
146,1,170.73184602452108,57.24389653381375,92.31471709868109,219.1284561869493,1,-1,-1,-1
146,2,473.94827756389753,59.90391540157809,88.55928610141117,213.68342081244154,1,-1,-1,-1
146,3,413.2098467614601,62.39905616816728,78.44613035493116,200.87254490109842,1,-1,-1,-1
147,1,171.52739433186463,57.791515554440366,92.96163846475164,220.23648526494105,1,-1,-1,-1
147,2,473.85097206042184,54.4762040258705,89.89679707772748,217.33158793070427,1,-1,-1,-1
147,3,411.559080330438,61.751878096201466,78.30653877909057,201.7313406923671,1,-1,-1,-1
148,1,172.84706403387122,56.67048965623714,93.7748450532621,221.2840661172235,1,-1,-1,-1
148,2,473.52610405793655,51.09254770491597,92.69604795421009,224.28459898457186,1,-1,-1,-1
148,3,413.7125832878744,68.16595754567105,74.05333949344758,190.1032279600142,1,-1,-1,-1
149,1,172.8297859630175,57.038640765088516,93.82669597276987,220.4965273327377,1,-1,-1,-1
149,2,472.1567358134253,48.64758763734676,95.3820927641362,231.30475301824066,1,-1,-1,-1
149,3,416.07132360162325,73.03582395569691,72.02451458189506,184.09422148467922,1,-1,-1,-1
150,1,169.76623578214154,54.79985540161256,97.16900609140605,228.53304457281016,1,-1,-1,-1
150,2,472.35778530055313,49.19961252873193,96.63485673724057,236.31922932765366,1,-1,-1,-1
150,3,417.21055628590517,75.14316846298473,70.96369771757682,180.75147026133834,1,-1,-1,-1
151,1,167.2431106031213,52.62492801182506,100.36525744485846,235.48669971553966,1,-1,-1,-1
151,2,477.5778488789686,54.96753581762687,93.71352719447908,230.87692225176517,1,-1,-1,-1
151,3,416.988478362801,77.02181684697464,72.22389640032671,183.5821553628037,1,-1,-1,-1
152,1,163.67425515444955,49.30344598550724,106.12694276584511,249.72746553244576,1,-1,-1,-1
152,2,479.6014395444921,61.01270473095063,92.33625400227533,229.58107014070876,1,-1,-1,-1
152,3,416.5923990837149,78.21225353721385,74.74765395340964,190.19595245676618,1,-1,-1,-1
153,1,160.32421696578555,46.34601243328444,108.66784367682114,256.70782353337324,1,-1,-1,-1
153,2,481.04000314966555,61.43249900782487,91.77915920909263,229.44307954216362,1,-1,-1,-1
153,3,416.59469602854404,76.72475230318551,73.7301957629959,187.4615039174716,1,-1,-1,-1
154,1,157.64787038727735,44.926081859617966,108.47978647703849,257.06110183038544,1,-1,-1,-1
154,2,483.8431028651361,63.06891771050789,90.46296492365988,227.2337469415237,1,-1,-1,-1
154,3,417.12286063547117,76.40279390223459,74.2904771303835,188.5431617711442,1,-1,-1,-1
155,1,155.980233560471,46.6544710098116,108.3169764137098,256.69692852856576,1,-1,-1,-1
155,2,483.00006025011146,61.253521894049555,91.22343895920518,230.50512430600196,1,-1,-1,-1
155,3,415.76946603417656,73.60692141413146,76.29129358293632,192.84318217143576,1,-1,-1,-1
156,1,156.81692918805132,47.58432502496203,106.73441128786577,252.18802869849094,1,-1,-1,-1
156,2,484.3958771789251,59.677239776862024,91.11266198928354,232.2802740950795,1,-1,-1,-1
156,3,413.8519822442843,68.26717155393756,80.12835364503876,202.47506665101307,1,-1,-1,-1
157,1,158.69444569741188,47.012238191091484,104.69043636874163,246.36700071328073,1,-1,-1,-1
157,2,483.2200900295573,55.87411222522614,90.31717245128054,232.20240967211768,1,-1,-1,-1
157,3,412.655165462056,63.61317030903197,82.6039224831648,209.79302162051647,1,-1,-1,-1
158,1,154.93172436381136,46.126993068806414,107.95852001881276,252.9551972298631,1,-1,-1,-1
158,2,481.03382481847075,48.11978649475881,93.54663124533344,242.4963909963917,1,-1,-1,-1
158,3,409.67581880056025,60.719702267797445,86.20630192000492,220.2303018439624,1,-1,-1,-1
159,1,154.7586423359956,44.64794197211093,107.8099305095349,252.35045649042135,1,-1,-1,-1
159,2,480.3844991764658,43.38403760754616,95.87446394898522,250.97588239258738,1,-1,-1,-1
159,3,410.3694770440433,60.68131914610076,84.22093144292705,215.74811610932167,1,-1,-1,-1
160,1,152.04388373629018,42.12746792550763,109.20823049523747,256.0123590433854,1,-1,-1,-1
160,2,480.2153798437169,40.06054060222401,96.247865972951,254.25058196310076,1,-1,-1,-1
160,3,411.43351984515186,62.96030829789255,81.84172449827386,210.11765477948072,1,-1,-1,-1
161,1,146.7438438309042,37.249256159489846,116.1334555774833,273.4346563171755,1,-1,-1,-1
161,2,483.15857144904464,38.93177866927195,92.94078680851408,248.32728545509275,1,-1,-1,-1
161,3,414.3081938267055,66.49203194462781,76.31000743219816,195.77534033176906,1,-1,-1,-1
162,1,142.35496596375555,37.56024887684268,116.5333525211666,275.7506170783378,1,-1,-1,-1
162,2,483.16152761422086,39.61000483096923,93.97937173264222,255.7089229387703,1,-1,-1,-1
162,3,416.8676474651737,68.41799016263886,73.71218400186368,189.4395726499119,1,-1,-1,-1
163,1,140.9040793535167,36.568780270743844,117.15700237519663,278.9037529318916,1,-1,-1,-1
163,2,487.49973376737654,41.54644585765675,91.61258759818348,252.70503793957567,1,-1,-1,-1
163,3,417.28384965673814,70.84160257494459,70.39819300154356,180.80306914092822,1,-1,-1,-1
164,1,137.74761078395753,36.05378281619494,118.41182837262653,283.7615998190324,1,-1,-1,-1
164,2,490.1222269778914,42.19937281653144,89.74449198762616,251.05041907498932,1,-1,-1,-1
164,3,416.70616913561827,73.50116722801563,71.52538970300229,184.1690167670877,1,-1,-1,-1
165,1,134.3440469322628,34.0449755925778,117.89226449315512,282.9301717189307,1,-1,-1,-1
165,2,493.5346586472663,44.5801625062316,85.2211008754485,241.93287040233503,1,-1,-1,-1
165,3,416.24571999827094,73.92296128864758,73.46721611404323,189.7491258408858,1,-1,-1,-1
166,1,129.97498007327198,28.154301898686725,121.04643056740522,291.30674660663306,1,-1,-1,-1
166,2,496.7347796288564,45.60540111465613,82.5099700887971,239.20111157665116,1,-1,-1,-1
166,3,415.9224020751854,71.44670892516886,76.04474339029353,197.03357040343016,1,-1,-1,-1
166,4,292.7463829131968,179.56157033578114,56.420965943717576,141.22702423845726,1,-1,-1,-1
167,1,125.35866821088342,24.621851900748823,122.59100557013268,296.2846371015815,1,-1,-1,-1
167,2,498.64361062247815,41.573347543148046,80.84889794966239,238.95229194127003,1,-1,-1,-1
167,3,417.00819676302893,70.01948802408677,74.73756456475398,193.53844369000421,1,-1,-1,-1
168,1,123.38124721599851,21.913646724144286,119.55344210340087,288.558559161665,1,-1,-1,-1
168,2,501.03734096107445,38.84536431414422,78.43688002394116,236.37810747622953,1,-1,-1,-1
168,3,418.25812963743965,66.09049572885257,75.78914728015612,196.0343612120164,1,-1,-1,-1
169,1,118.69490201904048,17.916660011051647,120.10448052316157,290.51718464517904,1,-1,-1,-1
169,2,501.4974950520158,33.1507774337223,77.76750789822998,239.8078516450212,1,-1,-1,-1
169,3,420.19580249561744,64.83796841402496,73.68686460598394,190.34132229869155,1,-1,-1,-1
170,1,111.99410356865619,10.701732035190474,121.99751568467299,294.31556351831887,1,-1,-1,-1
170,2,501.40793223625224,24.040482172901022,79.14741192436503,251.83368149076517,1,-1,-1,-1
170,3,426.03267574120724,63.7214194907786,69.02269434701365,178.03490724187208,1,-1,-1,-1
171,1,106.05557515355024,6.215886556961692,123.59718549975256,298.2652539690992,1,-1,-1,-1
171,3,427.9159827667895,61.30371676568589,71.51682893256834,184.58541455712157,1,-1,-1,-1
172,1,96.32736587243879,2.2282493399222005,126.86507185209214,305.55646344194423,1,-1,-1,-1
172,3,430.4831795160154,59.6790786283472,72.53493585418764,186.77280742028623,1,-1,-1,-1
173,1,89.48332162133809,0.965302825818668,127.6342112031187,306.4492256170301,1,-1,-1,-1
173,3,433.6020571236028,59.965477814241964,71.65021567555921,184.12125812363414,1,-1,-1,-1
174,1,83.35054183552293,-0.6497628438075651,127.96653168375953,305.3807135592548,1,-1,-1,-1
174,3,433.355716506206,58.526832636880414,74.9936078781149,191.97339039356245,1,-1,-1,-1
175,1,71.46833500386661,-0.5596712526466661,129.4744982170184,307.9208077550642,1,-1,-1,-1
175,3,433.9575757027321,54.08633212640066,78.77029860428233,200.83720094824434,1,-1,-1,-1
176,1,61.62120495784272,0.39298333445319145,128.4803834303081,303.389995759871,1,-1,-1,-1
176,3,437.2732877717798,50.19832625063367,80.18360735244285,203.54497800608857,1,-1,-1,-1
177,1,52.84949111663778,2.3752591252564628,129.18750359872828,300.635847108634,1,-1,-1,-1
177,3,440.50315021770496,46.030592000880674,81.02335150492358,205.58794144951494,1,-1,-1,-1
178,1,42.31835583032101,2.7186548439353544,132.19668918176276,301.6194257352852,1,-1,-1,-1
178,3,442.6184615610497,41.02707021517844,83.2874940777528,211.74894743353428,1,-1,-1,-1
179,1,32.83955583813312,2.099246879424612,136.51907342206025,305.3226123536413,1,-1,-1,-1
179,3,445.09147348523277,38.3797976082824,84.01229446685983,213.37865932936197,1,-1,-1,-1
180,1,29.883003995059966,2.420134950527739,139.8644566211934,308.8420497604733,1,-1,-1,-1
180,3,447.7144279070316,34.01965122112452,87.76748160898192,222.2175178203101,1,-1,-1,-1
181,1,22.387881043089124,3.6112456826120933,142.94799237431982,310.37690311002837,1,-1,-1,-1
181,3,453.44134831850977,32.62443739855904,86.75685658344403,219.04921538189953,1,-1,-1,-1
182,1,21.948707481915527,46.68439397255918,121.40176956097541,265.1186448553036,1,-1,-1,-1
182,3,456.3898724658334,33.497200374297265,86.18670621557008,217.75212268710933,1,-1,-1,-1
183,1,19.36525955410491,96.79947907156802,100.07746102820445,218.96644063448122,1,-1,-1,-1
183,3,458.245136705675,35.733730425461175,86.8833667894487,219.9530600031394,1,-1,-1,-1
184,1,0.8811028121994084,60.77725899598158,116.7901607723114,257.3221108345964,1,-1,-1,-1
184,3,464.76089503169396,42.218733214572325,84.15250585013015,212.46775601148732,1,-1,-1,-1
185,3,470.23889585745644,45.544801700660145,81.44249001903755,204.5510487585767,1,-1,-1,-1
186,3,472.0513328746192,42.94926463759042,84.69713542706104,212.69021241540136,1,-1,-1,-1
187,3,476.58761322923067,41.78370084388979,85.8222728342019,215.78606272886657,1,-1,-1,-1
188,3,478.53977342637677,36.018015291351404,89.05523725246354,223.53784968599868,1,-1,-1,-1
189,3,480.9527896353228,31.373694493034904,89.55667717403982,225.687009922062,1,-1,-1,-1
190,3,479.6292948436775,26.087578478368087,91.5328305212675,232.3022560904785,1,-1,-1,-1
