2,1,188.61064036783833,70.6700973510742,77.97260354166706,226.79187622070313,1,-1,-1,-1
2,2,366.4951557543099,108.2206817626953,34.192537612474,99.71226806640625,1,-1,-1,-1
2,3,262.9582147335046,72.92665557861326,91.70974240799082,239.26649169921876,1,-1,-1,-1
2,4,16.47482214816596,111.45198822021483,33.8413041899962,78.25263824462891,1,-1,-1,-1
2,5,530.9766463973551,117.40510253906251,22.02458806466483,73.14003295898438,1,-1,-1,-1
2,6,490.3928220474119,123.35606079101562,16.38022504580109,41.959417724609374,1,-1,-1,-1
2,7,154.97885105693067,119.47440490722657,18.907153843169883,48.238592529296874,1,-1,-1,-1
2,8,39.88572723649889,111.47673034667969,29.8922616524905,77.876171875,1,-1,-1,-1
2,9,332.7036765188257,107.91790161132813,31.672969227973606,99.51400146484374,1,-1,-1,-1
2,10,91.05198203876915,123.07468414306642,21.84436355918043,53.91078338623047,1,-1,-1,-1
2,11,181.1987601207318,120.50051269531251,16.989760031973884,43.772344970703124,1,-1,-1,-1
2,12,485.06608125213666,125.03521118164062,13.423550386351785,37.92890625,1,-1,-1,-1
2,13,508.3986936646936,118.98259735107422,21.47780798311285,58.73379974365234,1,-1,-1,-1
2,14,427.0319488217953,130.2588104248047,20.550885071253102,54.427685546875,1,-1,-1,-1
2,15,397.90450178502124,123.2533905029297,10.942510101832596,28.597979736328124,1,-1,-1,-1
2,16,463.2088163067978,126.97667694091797,10.20321699577942,27.13544464111328,1,-1,-1,-1
3,1,186.81516798229808,68.1173883005812,79.808856222982,232.1627869711934,1,-1,-1,-1
3,2,366.94524821375575,108.62385056189765,33.9846500619565,99.15158164062433,1,-1,-1,-1
3,3,263.24240439134434,72.11220720863216,90.8863828917605,237.1986372299428,1,-1,-1,-1
3,4,22.538503655029597,111.92350522083362,32.8084399769051,75.7713260218418,1,-1,-1,-1
3,5,531.0072545770342,117.82167635862558,21.608837577260584,71.8204170081912,1,-1,-1,-1
3,6,490.06105655844453,123.266869044425,16.384117607225793,41.96993510438381,1,-1,-1,-1
3,7,155.91399083639035,119.33321743669268,18.868860807674498,48.16539644692626,1,-1,-1,-1
3,8,43.456794838616005,111.53520131895652,29.19995240968273,76.13245208154335,1,-1,-1,-1
3,9,332.4793040120201,107.50824980569594,32.032302143221806,100.60917502904246,1,-1,-1,-1
3,10,93.81898895285053,123.06841837880098,21.657015889624976,53.50395510108862,1,-1,-1,-1
3,11,180.81238202353876,120.11163677555484,17.965795480084946,46.30021706112479,1,-1,-1,-1
3,12,484.7302641539907,125.43058581947236,13.174110029004218,37.24602569509989,1,-1,-1,-1
3,13,507.1443214584617,119.02145159856236,21.36874879423539,58.49437830634552,1,-1,-1,-1
3,14,427.01260690313296,129.84343290364382,20.7019370464876,54.814559480641094,1,-1,-1,-1
3,15,397.5442008960602,123.46807916589496,11.115544701403929,29.051855402358367,1,-1,-1,-1
3,16,463.21797283724027,126.72556508714979,10.220310212562765,27.181277667882412,1,-1,-1,-1
4,1,186.81575017439621,66.02971590521739,82.0441766331493,238.69747464634196,1,-1,-1,-1
4,2,368.0195912429649,108.67046131428356,33.46744137044524,97.69788048892282,1,-1,-1,-1
4,3,261.8856046096842,70.05058481125842,92.35999017477552,241.2999615487466,1,-1,-1,-1
4,4,26.376050686316848,111.97624536296806,32.446195296095816,74.99021331082655,1,-1,-1,-1
4,5,531.144545873455,118.41888910478502,21.24244264166141,70.68397959335493,1,-1,-1,-1
4,6,490.10859701483054,123.79463036426054,16.198371315014047,41.48892898202057,1,-1,-1,-1
4,7,157.411968389553,120.56988721351848,18.243714263004605,46.57694964392225,1,-1,-1,-1
4,8,47.61817535387017,112.01688867647783,29.134130759314495,76.04824397540301,1,-1,-1,-1
4,9,333.0596805207076,107.19993550973155,32.11059148682295,100.7857103154763,1,-1,-1,-1
4,10,96.15380360899233,123.10131973770326,20.44079630256747,50.56087296394944,1,-1,-1,-1
4,11,181.07765531295175,120.54208607372028,17.194634867550505,44.32828021895878,1,-1,-1,-1
4,12,484.76401418731643,125.97588204337353,13.066816262372887,36.966013176805404,1,-1,-1,-1
4,13,506.76093015960333,119.29328463478652,21.251228046415168,58.258000312895106,1,-1,-1,-1
4,14,427.2911405260614,130.61799929703923,20.36910570646932,53.88344708153555,1,-1,-1,-1
4,15,397.22883622579155,123.2993369321533,11.378167582836326,29.752375156629615,1,-1,-1,-1
4,16,463.302413778674,126.96017308227734,10.162906626776154,27.024054559121375,1,-1,-1,-1
5,1,187.24865042472572,66.89738809634254,81.66056028863014,237.31075401072192,1,-1,-1,-1
5,2,369.43149177955183,109.05071489208721,32.632416472055986,95.27511546044124,1,-1,-1,-1
5,3,261.65720669320746,68.18833476657821,93.558706638098,244.9905764074892,1,-1,-1,-1
5,4,30.546093659254574,112.84089245394406,31.678672317479457,73.30953474794524,1,-1,-1,-1
5,5,531.1858292179357,118.44640938303372,20.944061676531774,69.81371856562029,1,-1,-1,-1
5,6,490.2189432801723,124.05921740812578,16.106171973134767,41.24706516001229,1,-1,-1,-1
5,7,158.36048632285076,121.13666573417538,18.147068851480327,46.377308973672825,1,-1,-1,-1
5,8,50.31149809745055,112.11473153774783,29.06121241552941,75.68394350378233,1,-1,-1,-1
5,9,334.2865734844364,107.9241691658574,31.616010198381083,99.14787197478418,1,-1,-1,-1
5,10,99.04061026123424,124.2516875894014,19.594491859602126,48.528718123706156,1,-1,-1,-1
5,11,181.85080693204165,121.08890314110832,16.095398032810625,41.52687779583384,1,-1,-1,-1
5,12,484.88666684846675,126.20826516939974,12.984228665169402,36.764518267119584,1,-1,-1,-1
5,13,506.73650550340574,119.39947266644663,21.15012798324691,58.09798141270551,1,-1,-1,-1
5,14,427.5697184868329,130.351816133485,20.255466391626033,53.52297750914541,1,-1,-1,-1
5,15,397.3208265011153,123.36100651713024,11.52516107314596,30.161275788832786,1,-1,-1,-1
5,16,463.17925529447103,127.03478095804111,10.103510022269454,26.854756234543373,1,-1,-1,-1
6,1,186.87400533031763,68.78178571335607,82.14825817179317,238.23366017612722,1,-1,-1,-1
6,2,370.1267948352634,108.78759917209746,32.22710431555626,94.05543655854194,1,-1,-1,-1
6,3,261.03598289006635,66.20804963099758,96.01387425827319,251.984681890581,1,-1,-1,-1
6,4,33.045818560668636,112.65618787053444,31.067258561226364,72.31300829422679,1,-1,-1,-1
6,5,531.2635407652614,118.69365864861089,20.746160954193588,69.19326414474436,1,-1,-1,-1
6,6,490.2308787641131,124.4567037984109,16.016893399986603,40.99698125714537,1,-1,-1,-1
6,7,159.58728015882133,121.2840194534726,18.239668155594206,46.58641146379231,1,-1,-1,-1
6,8,54.557062263089044,113.01037920511104,29.217613237779165,75.42832724925033,1,-1,-1,-1
6,9,335.1423173919581,108.68647605082674,31.589186041950068,98.94927424112797,1,-1,-1,-1
6,10,99.77120344550171,124.54874459782114,19.07304244777036,47.2538937775819,1,-1,-1,-1
6,12,485.0415915729873,126.33705442489638,12.985036078571026,36.790466369296176,1,-1,-1,-1
6,13,506.76178276211874,119.7184985702039,20.968451658821497,57.69255496414529,1,-1,-1,-1
6,14,427.75538295133714,130.4873625707017,20.031026597848776,52.831094737529384,1,-1,-1,-1
6,15,397.54666441303186,123.82647211946112,11.436901405022567,29.94960495342687,1,-1,-1,-1
6,16,462.9896750128411,127.15821496790437,10.10730819839922,26.847536679562616,1,-1,-1,-1
6,17,0.7483619742177012,125.07655639648436,16.95495718864956,42.61875610351562,1,-1,-1,-1
7,1,185.83610098021114,71.32901606504277,81.86053343696956,236.48814039566474,1,-1,-1,-1
7,2,370.7898664925126,108.73465328371952,32.01890677028838,93.392860497379,1,-1,-1,-1
7,3,261.0222308615664,64.60180657520826,96.51241939674497,254.04544372300245,1,-1,-1,-1
7,5,531.1342453408893,119.1766560666851,20.821422398042667,69.2865857174988,1,-1,-1,-1
7,6,490.1049968649361,124.88868791535067,15.949966402027355,40.77351104437967,1,-1,-1,-1
7,7,160.31219791288413,120.53156201647958,18.721010808307355,47.80537200718489,1,-1,-1,-1
7,8,57.14045441873961,114.66818298895231,28.668191523932617,72.94767327199902,1,-1,-1,-1
7,9,335.8707028252837,109.72201620955816,31.39492431298081,98.23459438797997,1,-1,-1,-1
7,10,103.40741071430064,123.91609197662528,19.682237643987325,49.0457889230947,1,-1,-1,-1
7,12,485.21685126772087,126.41638070768684,12.998195144049518,36.84428727555827,1,-1,-1,-1
7,13,506.5652993994661,119.89631522734012,20.879518343196622,57.572220614812224,1,-1,-1,-1
7,14,428.00138189084834,130.71312333510673,19.882400473239844,52.30754521155288,1,-1,-1,-1
7,15,397.78173225428253,124.5552268390404,11.202345075875812,29.328973119228777,1,-1,-1,-1
7,16,462.82784751300346,127.19905171959333,10.085423182883849,26.76215630240707,1,-1,-1,-1
7,17,1.8202792764431681,125.09756318917856,17.141073839969536,43.04941076678964,1,-1,-1,-1
8,1,185.38504293637004,75.67536822349622,80.66298771992005,231.77407091603678,1,-1,-1,-1
8,2,371.0433832307027,108.90200552501324,31.69637749691179,92.30948344190195,1,-1,-1,-1
8,3,260.5080698664851,62.553908638614956,96.46871541855248,255.39530521034885,1,-1,-1,-1
8,5,531.0348926992552,119.63604936659632,20.848110452511243,69.03516079559904,1,-1,-1,-1
8,6,489.8273075016739,125.19022203411005,15.985097743900669,40.80286340392333,1,-1,-1,-1
8,7,160.89509861759151,120.41074136542915,18.776098932366047,47.940102920784966,1,-1,-1,-1
8,8,60.22578802851435,116.46660383648094,28.662803498844557,71.62908102489915,1,-1,-1,-1
8,9,336.552478700539,110.84038379023843,30.93124625115782,96.57898067983903,1,-1,-1,-1
8,10,105.57411625933061,124.2381115232672,19.532975472284523,48.81605668152357,1,-1,-1,-1
8,12,485.3225601243495,126.61083390237991,13.022115944617758,36.893229509474224,1,-1,-1,-1
8,13,506.2674122962627,120.27907307095249,20.731538738147492,57.295810410642986,1,-1,-1,-1
8,14,427.98943763084003,131.0150021235682,19.803470744149006,51.955617821955045,1,-1,-1,-1
8,15,397.86767483180347,125.05085103907055,11.363137249537317,29.774629267056966,1,-1,-1,-1
8,16,462.81452162771666,127.34256457776084,10.072835884122636,26.697024897707085,1,-1,-1,-1
8,18,96.8556917134901,122.39370727539062,16.889477168722934,44.29937744140625,1,-1,-1,-1
8,19,181.44234354865205,122.56119689941406,13.184130041367784,36.99449462890625,1,-1,-1,-1
9,1,185.6641330599837,78.75393376240402,80.4873811043987,230.37988215932353,1,-1,-1,-1
9,2,373.07397132712833,109.88363265471148,31.14649668945802,90.34759198726981,1,-1,-1,-1
9,3,260.40954578632864,59.77381082194037,96.30398164447976,256.94939330515354,1,-1,-1,-1
9,5,530.7836886753372,119.9827094391162,20.781681676009025,68.3583119125628,1,-1,-1,-1
9,6,489.4964691409492,125.48299047705025,16.054571460136945,40.921021483158405,1,-1,-1,-1
9,7,162.09966975653805,120.29854057068533,18.448321596947622,47.10809463942623,1,-1,-1,-1
9,8,63.061411750341165,118.17964048096877,28.733698714920504,70.61124689475444,1,-1,-1,-1
9,9,337.3485248088973,112.32801014571041,30.547130831473606,95.0502734692231,1,-1,-1,-1
9,10,108.10337239716549,125.66163393290309,18.859827777459103,47.36752340639024,1,-1,-1,-1
9,13,506.1622949373192,120.81030351123808,20.39443559275013,56.40728035659183,1,-1,-1,-1
9,14,428.0552594423126,131.22959916666088,19.717334629592518,51.594962001179965,1,-1,-1,-1
9,15,398.45329438087,125.21710166176132,10.937111364117841,28.69457941148296,1,-1,-1,-1
9,16,462.91657893178973,127.50214193382794,10.076803574724343,26.669292946184264,1,-1,-1,-1
9,18,98.21445664785793,122.42084413598252,16.848556084856174,44.191205108990694,1,-1,-1,-1
9,19,181.49206477707068,122.87090448921822,12.840881823947539,36.02315113402159,1,-1,-1,-1
9,20,46.47346230220223,114.43119659423827,23.531642900478364,62.81323089599609,1,-1,-1,-1
9,17,3.283211976175794,124.80284510541273,18.357806985697813,46.01904821113363,1,-1,-1,-1
10,1,186.46446177790193,80.29516265390365,80.83652059611525,230.52201028426526,1,-1,-1,-1
10,2,373.8927477331218,110.43322815803874,30.93611403046937,89.50549425062323,1,-1,-1,-1
10,3,261.08399055988514,57.59273445031164,95.90934420621151,257.87241759148185,1,-1,-1,-1
10,5,530.1612384979684,120.26089608917502,20.978699916681894,68.38567281422509,1,-1,-1,-1
10,6,489.3556362527986,125.72984018232701,16.070851489401292,40.92475766400267,1,-1,-1,-1
10,7,163.27738342042534,120.64359240809797,17.984432593588515,45.98550006272805,1,-1,-1,-1
10,8,64.79832963314392,116.88969477929359,29.536040577547876,71.69765281524867,1,-1,-1,-1
10,9,338.05509902550256,113.64149390053379,30.50553949275566,94.49037007351517,1,-1,-1,-1
10,10,110.29087355049724,125.93894680534049,18.116828950360958,45.77078962575064,1,-1,-1,-1
10,13,505.91321546107264,121.36357221426675,20.129744301809623,55.63058989530776,1,-1,-1,-1
10,14,428.0093947254543,130.74645317919834,19.763190419360807,51.635103718700876,1,-1,-1,-1
10,15,398.5230636047547,125.02319726913407,10.914670205422226,28.69666175163418,1,-1,-1,-1
10,16,462.89798546719084,127.6587735062305,10.092359933055183,26.64283730638923,1,-1,-1,-1
10,18,99.501706324029,122.48500885066886,16.89458275113507,44.2925418507312,1,-1,-1,-1
10,20,48.74792349561663,114.48795114091295,23.303300152565356,62.349705501442166,1,-1,-1,-1
10,17,4.355386164128101,124.72358002241552,18.629199493923203,46.576329942349446,1,-1,-1,-1
11,1,186.212536707146,80.18091152291012,81.35653668403477,231.2707164360861,1,-1,-1,-1
11,2,374.2677410231185,110.79831779819528,30.839199766171156,89.09917870715867,1,-1,-1,-1
11,3,262.01165631936203,56.61249120713188,94.8130738965912,257.3022861221288,1,-1,-1,-1
11,5,529.4311986185542,120.41424920867607,21.24945213374447,68.5609551755518,1,-1,-1,-1
11,6,489.32351504148716,125.95113692497915,15.96876388349851,40.63861814139539,1,-1,-1,-1
11,7,164.35724757633895,121.54453487930516,17.533879752128883,44.86404349774813,1,-1,-1,-1
11,8,69.84009727615408,117.68209951548188,29.644775620322132,71.43793233360245,1,-1,-1,-1
11,9,339.3330147496354,114.85226806052069,29.883973279719278,92.17690266534326,1,-1,-1,-1
11,10,112.75376010308707,125.59177164641798,18.093885654867904,46.25218383049428,1,-1,-1,-1
11,13,505.75989141556687,121.7457443942557,19.982577130598955,55.13998209528883,1,-1,-1,-1
11,14,427.84718590068104,130.20263272685932,20.040617558242047,52.296093791950746,1,-1,-1,-1
11,15,398.538542741745,124.92530944989814,10.812366415974997,28.48089673344524,1,-1,-1,-1
11,16,462.91819325529633,127.79867482820893,10.076071119606985,26.51583805825429,1,-1,-1,-1
11,18,100.68825502407694,122.44787839981753,16.904144096436422,44.29806189297554,1,-1,-1,-1
11,20,50.83428228379131,113.70650948445487,23.124644357228995,62.055639281277806,1,-1,-1,-1
11,17,5.3208832548809735,124.75100598586631,18.651900197340616,46.526568584942744,1,-1,-1,-1
12,1,186.22381053552428,80.11125944908896,81.67662019642614,231.58661260609452,1,-1,-1,-1
12,2,374.4244416208877,110.91956335394437,30.860234212820185,89.02609698938438,1,-1,-1,-1
12,3,264.15784539558643,58.47982610790089,91.9701506849707,251.71535322028177,1,-1,-1,-1
12,5,528.8990044145866,120.50975294140139,21.451562505181332,68.60424395965747,1,-1,-1,-1
12,6,489.1314313456865,126.1482319520024,15.948441693324362,40.53703927350724,1,-1,-1,-1
12,7,165.28302020893094,122.12513279998257,17.18656524793346,44.07717735884557,1,-1,-1,-1
12,8,73.96833913823838,116.95144261217119,28.263709326736016,68.34889644162266,1,-1,-1,-1
12,9,339.8661018813388,115.34030300254837,29.940163432112875,91.88834243063408,1,-1,-1,-1
12,10,114.71329777555741,124.90634354695841,18.10090715337664,46.766995033810666,1,-1,-1,-1
12,13,505.5831851849215,122.04161994870532,19.967608661496158,55.0282959360145,1,-1,-1,-1
12,14,427.894459903041,130.14798201243508,19.987475734171852,52.123348796327356,1,-1,-1,-1
12,16,462.8436316262586,127.95409611838778,10.097870975781595,26.47480776504473,1,-1,-1,-1
12,18,101.96066945224739,122.3771536282041,16.752549885418187,43.877520163191384,1,-1,-1,-1
12,20,52.496527150321285,115.06371060185747,24.213460939462834,65.060103634402,1,-1,-1,-1
13,1,185.85009753812767,78.84817799768045,82.34578916205925,233.02595031921751,1,-1,-1,-1
13,2,374.6534087991212,111.04165907162721,30.77575723381263,88.55085715398691,1,-1,-1,-1
13,3,264.37454444720447,60.82243471896531,90.11062934333832,248.4891705944635,1,-1,-1,-1
13,5,528.4774076285979,120.53204512576512,21.623053116786533,68.50197485882123,1,-1,-1,-1
13,6,489.0638465712821,126.33342414697735,15.912612306885514,40.41464942397667,1,-1,-1,-1
13,7,166.16846103375022,123.00938530184746,17.090377937836585,43.93752704942388,1,-1,-1,-1
13,8,77.02004557281207,116.89920246231989,27.44550662703215,66.63875862987742,1,-1,-1,-1
13,9,342.36218866875805,115.59249673660696,28.507098262033917,87.13722724991221,1,-1,-1,-1
13,10,116.66016908253285,125.87587908268131,17.43372645627084,45.47942549974879,1,-1,-1,-1
13,13,505.1576273181716,122.34152004902833,20.1080464416792,55.436258473000514,1,-1,-1,-1
13,14,428.0974715455253,130.50529660699078,19.863698312655135,51.82426121668331,1,-1,-1,-1
13,16,462.7089467296236,128.13377962631915,10.1093414334484,26.40057935996937,1,-1,-1,-1
13,18,102.73050677572104,122.82654720848,16.605948251962054,43.46237393643017,1,-1,-1,-1
13,20,56.42072842650158,114.74472269549169,22.51828285555772,60.610904534109444,1,-1,-1,-1
13,15,398.6851225301097,125.07717373583503,10.669855472550154,28.148047147216406,1,-1,-1,-1
14,1,184.72745247469584,76.96225220498211,82.67814453528885,234.0321205866542,1,-1,-1,-1
14,2,374.9104276512923,111.80245240577659,30.56001751319486,87.52714976201953,1,-1,-1,-1
14,3,264.7259312750625,65.25599303244357,87.13888278856975,242.0068020891344,1,-1,-1,-1
14,5,528.007900429776,120.57027254389247,21.78896419197483,68.43152691325619,1,-1,-1,-1
14,6,488.79057312202866,126.27879436340837,16.02083229559491,40.687755781946585,1,-1,-1,-1
14,7,166.60396864620924,123.51169069518797,16.94136747920763,43.7005941353955,1,-1,-1,-1
14,8,79.47738391814312,117.0290786678489,27.106494280273182,66.10871319610308,1,-1,-1,-1
14,9,343.71073603069453,115.63952443966626,28.049114632799462,85.3811001887913,1,-1,-1,-1
14,10,118.70213811700711,127.22790937774252,16.705620208189636,43.8829511603531,1,-1,-1,-1
14,13,504.88414592742987,122.4658527407675,20.049521635236104,55.26895579420097,1,-1,-1,-1
14,14,428.3758120026129,130.78903436247032,19.67711502681251,51.38501123472182,1,-1,-1,-1
14,18,103.51641299440799,122.6333284722625,16.571316644475537,43.3245472087274,1,-1,-1,-1
14,20,59.334568733981705,115.7840915623479,22.885404405477875,61.48574832279867,1,-1,-1,-1
14,15,398.6594802553151,125.38638768143704,10.588932026722862,27.961694910396844,1,-1,-1,-1
15,1,183.829098472959,75.10871077193275,82.46546212108986,233.9768267061607,1,-1,-1,-1
15,2,375.4392560837503,113.50038216049754,29.80739230891785,84.93144339303568,1,-1,-1,-1
15,3,264.790466878194,70.11508235062011,83.93825954869878,234.54311204681161,1,-1,-1,-1
15,5,527.6193272910116,120.69843576902514,21.86805149920061,68.15657151361508,1,-1,-1,-1
15,6,488.6432154668855,126.28211244564174,15.962039998603512,40.54016802068801,1,-1,-1,-1
15,7,168.01986084818964,123.31533352146528,16.953725206361906,44.01429132002154,1,-1,-1,-1
15,8,82.28595919396753,117.6737398306878,26.555374329363193,65.22496346068924,1,-1,-1,-1
15,9,344.7487324906817,115.45835200004791,27.68334415433183,83.87875413429349,1,-1,-1,-1
15,10,121.40628367633278,126.88178781147913,16.257292764191778,42.9211897111691,1,-1,-1,-1
15,13,504.5977687562499,122.69913355951451,19.88293155671829,54.75731453563264,1,-1,-1,-1
15,14,428.6147603043342,131.0611056497322,19.508222947854552,50.99372303824026,1,-1,-1,-1
15,18,104.32818846973673,122.48420282586319,16.50804519362141,43.193358533960655,1,-1,-1,-1
15,20,62.23246440659146,117.22012119711306,22.376830303515987,60.00630585748523,1,-1,-1,-1
15,15,398.6108590165692,125.68153666723775,10.599874102455306,27.969611256670895,1,-1,-1,-1
15,17,11.937927080526743,126.18055683002635,17.30604837907364,43.03760215201789,1,-1,-1,-1
16,1,184.54229161770306,74.0968621305455,80.78515752335879,229.85484668706897,1,-1,-1,-1
16,2,375.9596213071964,115.60544044089838,29.138342385820707,82.65412439094484,1,-1,-1,-1
16,3,264.9665025199903,74.83138878290092,81.46404058081961,228.94347628639957,1,-1,-1,-1
16,5,527.2477874713434,120.8776706960941,21.91562573122715,67.81442810219528,1,-1,-1,-1
16,7,168.79211192660108,123.52221773473514,16.713666164430457,43.623932602064485,1,-1,-1,-1
16,8,86.68388773464848,119.17130231170577,24.061043191922444,60.032869202628945,1,-1,-1,-1
16,9,345.5437101322122,114.52607459036395,27.66616474335565,83.59711516332685,1,-1,-1,-1
16,10,123.41903951416774,126.5595885086781,15.942680237308949,42.258266612785924,1,-1,-1,-1
16,13,504.35242232809577,122.29318076579398,19.917801078172147,54.8077039844161,1,-1,-1,-1
16,14,428.7454266877219,131.41784150242677,19.242796035223524,50.331137075838704,1,-1,-1,-1
16,18,104.94456172525813,122.63894078664106,16.55817890018616,43.39103277853758,1,-1,-1,-1
16,20,65.06980146042473,117.7007245710787,22.33502479043863,59.80175751751006,1,-1,-1,-1
16,15,398.5511551882842,126.21476456751148,10.615421325289892,27.98040246845307,1,-1,-1,-1
16,23,263.55257121307875,126.74850006103516,10.956124663686285,29.67033233642578,1,-1,-1,-1
16,12,486.91544746531315,126.09245462675415,14.173351750732495,39.70378026367205,1,-1,-1,-1
16,16,462.14129361708495,128.55545493615398,10.163580796077007,26.402048166984695,1,-1,-1,-1
17,1,184.57025312302358,72.63446120108365,79.4927317997045,227.03878978969684,1,-1,-1,-1
17,2,376.5317420787476,116.29032776230721,28.71022545986157,81.1432118168833,1,-1,-1,-1
17,3,264.76560187606947,74.04419431974517,80.95144229398832,229.00177557210526,1,-1,-1,-1
17,5,526.8690804593244,121.12460787808021,21.93775858466811,67.45584854510275,1,-1,-1,-1
17,7,170.40317083753035,123.18972194831457,16.69738496256985,43.81630231674761,1,-1,-1,-1
17,8,90.13415835309617,117.52307276669832,21.6251431725916,54.65962958448002,1,-1,-1,-1
17,9,346.4953275820564,114.44592862450453,27.2789359034964,81.9568674301319,1,-1,-1,-1
17,10,125.43548025481097,127.32816644021125,15.549649059514403,41.32804331200089,1,-1,-1,-1
17,13,504.1613818959861,122.06162776871999,19.908355271174074,54.78807235699739,1,-1,-1,-1
17,14,429.07899169592827,132.0428314012327,18.959785565663477,49.603763537930945,1,-1,-1,-1
17,18,106.13416245010258,122.67662166628995,16.420619797975966,43.01761596584436,1,-1,-1,-1
17,20,67.50816885670692,118.24086968006515,21.5933806509995,57.7278149591046,1,-1,-1,-1
17,15,398.5112431100826,126.37351169220418,10.700906685137006,28.177458218095527,1,-1,-1,-1
17,23,263.7701084242253,126.77814716776425,11.099030372452395,30.055770536645348,1,-1,-1,-1
17,12,487.0504104225541,126.10892389559802,14.341375141529122,39.765342812370605,1,-1,-1,-1
17,16,462.08788768869266,128.6846065239127,10.179171032548203,26.302735981935697,1,-1,-1,-1
17,17,14.509854174121092,126.76236964067596,16.74657330656808,41.75103703263538,1,-1,-1,-1
18,1,184.1457146697059,71.55775477959749,79.2303931087358,227.08468026798326,1,-1,-1,-1
18,2,376.94653376524315,116.18314556288236,28.641948821871893,80.77273651479763,1,-1,-1,-1
18,3,265.004524011521,72.65086192668433,80.72651646180934,229.4160335264912,1,-1,-1,-1
18,5,526.4205579914925,121.50788044004773,21.842009042384685,66.7880290792326,1,-1,-1,-1
18,7,171.35593334801777,123.06520063038802,16.630917513514653,43.955669331588105,1,-1,-1,-1
18,8,96.83191779349143,119.17100902616201,19.725991395731537,50.18494254422449,1,-1,-1,-1
18,9,346.37572446021034,113.46237919042169,27.816549752102368,83.41390977295751,1,-1,-1,-1
18,10,127.26736926726169,127.19481857735477,15.530479839798577,41.32772950061292,1,-1,-1,-1
18,13,504.14518170419456,122.65627431968625,19.864661314532675,54.43402825731884,1,-1,-1,-1
18,14,429.2020511438369,132.11141022525769,18.887228125918416,49.39106968963007,1,-1,-1,-1
18,18,106.839121454104,122.97410988301502,16.516321628652157,43.30757954906257,1,-1,-1,-1
18,20,72.68095263465912,116.978234803551,20.55348338046613,55.16831299919199,1,-1,-1,-1
18,15,398.5611587356183,126.52186897470267,10.738895398412849,28.29051975217437,1,-1,-1,-1
18,23,263.8539702152625,126.80269286387164,11.07368886749693,29.97973060584377,1,-1,-1,-1
18,12,487.1604592997817,126.29071836038275,14.470842565990393,39.77212078574428,1,-1,-1,-1
18,16,462.10891743688217,128.86353165073848,10.228226595987223,26.29163988707523,1,-1,-1,-1
18,25,63.10688064546502,120.5452667236328,18.512688294030898,48.23072509765625,1,-1,-1,-1
18,26,166.97402505869715,124.8857635498047,12.05334758768382,34.6561767578125,1,-1,-1,-1
18,17,15.173931863737174,126.79401283493203,16.50191312716069,41.21980297223707,1,-1,-1,-1
19,1,183.80974511347094,71.19736129846825,78.82727074904297,226.84697473002137,1,-1,-1,-1
19,2,377.52761861174787,115.53404706662582,28.374896177862283,79.8602377887709,1,-1,-1,-1
19,3,264.7651483763058,71.77165385783074,81.12837696591785,231.3698051010135,1,-1,-1,-1
19,5,526.0500673509275,121.96006046687444,21.665579890093152,66.06659954913043,1,-1,-1,-1
19,7,172.41358963584878,123.04725999153982,16.20769910758959,43.078633901121,1,-1,-1,-1
19,8,98.25611196010365,117.58433636718412,20.453598789008733,52.21883750274273,1,-1,-1,-1
19,9,346.6920153105496,113.09127543574965,27.838675734569545,83.32017315216238,1,-1,-1,-1
19,10,129.53565662639005,127.41482068854675,15.202613066033987,40.49512750972692,1,-1,-1,-1
19,13,504.0972158841782,123.10857102835213,19.836079383327714,54.13218210096958,1,-1,-1,-1
19,14,429.50233785632724,132.51334237649047,18.771056462655455,49.05278648973476,1,-1,-1,-1
19,18,107.36688016044857,122.54285859320817,16.883406956910438,44.20764700494527,1,-1,-1,-1
19,20,76.45583649756115,116.75754861326776,19.239210592128874,51.77362097979087,1,-1,-1,-1
19,15,398.5618113794311,126.38434823109404,10.707360434433486,28.22453067100071,1,-1,-1,-1
19,23,263.97213898971984,126.64968444603647,10.961704876054876,29.673028476367232,1,-1,-1,-1
19,12,487.2869779779566,126.34162160842993,14.589305518691836,39.77245204108436,1,-1,-1,-1
19,16,462.12575414031784,128.9851558019963,10.282375837937844,26.30383989577685,1,-1,-1,-1
19,25,64.81829371485577,121.05869272836382,18.07284198247304,47.148681299267686,1,-1,-1,-1
19,26,167.5604070454865,125.1562432852977,11.919489815697595,34.266568805584654,1,-1,-1,-1
19,17,17.13493129836516,126.54153231960295,16.52045677901521,41.414519342305276,1,-1,-1,-1
20,1,183.48696914009173,71.26247625486913,78.34566213746592,226.23950833809099,1,-1,-1,-1
20,2,378.1541326382487,114.64299745009696,28.13166859527338,78.8878231806211,1,-1,-1,-1
20,3,264.0931273513919,70.41803602894986,81.95231394157327,234.80254854844847,1,-1,-1,-1
20,5,525.6117505473756,122.09022950975368,21.5940826373817,65.67830869451737,1,-1,-1,-1
20,7,173.49734848816314,123.10333565065537,15.62060860749341,41.70284074694059,1,-1,-1,-1
20,9,347.1903365831603,113.96582602758721,27.5107676111846,81.93786220584569,1,-1,-1,-1
20,10,131.174225414206,128.3603317871764,15.066875677787934,40.187828906624354,1,-1,-1,-1
20,13,502.5099139431698,122.99768599238996,20.118186500887226,54.98894442557435,1,-1,-1,-1
20,14,429.76051612476897,133.08054337896303,18.508146031321125,48.247862334794206,1,-1,-1,-1
20,18,106.89953986730191,121.42838031412703,17.695794572862493,46.39281407675732,1,-1,-1,-1
20,20,79.48799812057494,116.52434620292138,20.48637638825071,55.29201029611728,1,-1,-1,-1
20,15,398.684603940661,126.33479361258196,10.757023974757976,28.395113733869426,1,-1,-1,-1
20,23,263.93331702639125,126.66731847594868,10.916261820331592,29.54828280665468,1,-1,-1,-1
20,12,487.27810315232887,126.43710642703229,14.626063135896722,39.57692344181687,1,-1,-1,-1
20,25,66.16440526549883,121.65683969767771,17.98970413726633,47.01065691944976,1,-1,-1,-1
20,26,167.95120748254885,125.33142028392976,11.792342429620254,33.883426375672464,1,-1,-1,-1
21,1,183.11110329110068,72.33814992558244,78.30977216948244,226.41401920512308,1,-1,-1,-1
21,2,378.6641347653832,114.09924019770773,27.78388432434699,77.66002445120107,1,-1,-1,-1
21,3,263.2006293813085,67.56952673092262,84.07546326432912,241.9493336875142,1,-1,-1,-1
21,5,525.2317683751971,122.33278332387636,21.495246676996032,65.23542116545025,1,-1,-1,-1
21,7,174.29769062293593,123.29084536160704,15.219857041263147,40.79559804383786,1,-1,-1,-1
21,9,347.4386163576062,114.75972667870363,27.138143240961032,80.23461556386587,1,-1,-1,-1
21,10,132.42390607517842,128.1607947771857,15.388617407281586,41.03294694967771,1,-1,-1,-1
21,13,501.9656710459724,122.94058048574554,19.975376978380375,54.6654570957892,1,-1,-1,-1
21,14,429.98484654078095,133.85560801548502,18.268381210530688,47.46811880868252,1,-1,-1,-1
21,20,82.31097749991322,116.37668638214149,21.37709162700437,57.813328005718915,1,-1,-1,-1
21,15,398.63512910369315,126.37187192047972,10.852257242333112,28.71708586930152,1,-1,-1,-1
21,23,263.7600015205107,126.84973365763784,10.988556935546397,29.729820742856916,1,-1,-1,-1
21,12,487.1751417040415,126.49257835947577,14.579844324489548,39.170944934402925,1,-1,-1,-1
21,25,67.88254626381108,122.33118015169305,18.0062847650384,47.085116892622466,1,-1,-1,-1
21,26,168.13028549076057,125.45138890252274,11.722037775563686,33.66363861621071,1,-1,-1,-1
21,27,408.38211442190874,125.93561859130858,12.398686195244935,31.697285461425782,1,-1,-1,-1
21,17,19.886089731995547,126.87244545223102,16.209810191243502,40.51027023581187,1,-1,-1,-1
22,1,183.13210649990776,74.92849783629218,78.28781718700563,226.57912124409123,1,-1,-1,-1
22,2,379.1473446647591,113.55161065738902,27.89274663157869,77.75221752614769,1,-1,-1,-1
22,3,262.92743406574016,65.64512469286561,84.12095414169696,242.89029073734923,1,-1,-1,-1
22,5,525.1947970522027,122.48726573114631,21.122161066434618,63.985896809809084,1,-1,-1,-1
22,7,174.62481813819508,123.30599715882391,14.966108426344203,40.32762998984957,1,-1,-1,-1
22,9,347.51357432837256,116.36363788830604,26.64086448631296,78.26932258605346,1,-1,-1,-1
22,10,133.7699928361124,128.07716784897278,15.426288787913679,41.270726973167974,1,-1,-1,-1
22,13,501.67219064196166,122.70969506123313,19.76811902289639,54.22054158528,1,-1,-1,-1
22,14,430.1120473404752,134.34766840811486,18.141574800134705,47.03063100374934,1,-1,-1,-1
22,20,84.25812635355057,116.22499691584092,22.77480009166934,61.785008048239014,1,-1,-1,-1
22,23,263.6366941217438,127.10385930130573,10.544764632633058,28.50415546695961,1,-1,-1,-1
22,12,487.0936645418909,126.47106490657737,14.611906196303869,38.987281437714834,1,-1,-1,-1
22,25,69.76453100669872,122.75458535973752,17.720485772642323,46.327926522984406,1,-1,-1,-1
22,26,168.23820510517865,125.42544610899023,11.679619787645233,33.536781236048746,1,-1,-1,-1
22,27,408.30673542928406,125.95634496607315,12.449561093403675,31.845277978245452,1,-1,-1,-1
22,17,20.57861393784654,127.99639726155365,15.847023838558643,39.54938136635697,1,-1,-1,-1
23,1,182.85008907793576,76.94438532476735,78.34891771330429,227.45843680395637,1,-1,-1,-1
23,2,379.5687176070052,113.02957264519912,27.95931737026584,77.72410442389867,1,-1,-1,-1
23,3,263.0797791535868,62.51793524855856,83.46646284337497,240.93341762881653,1,-1,-1,-1
23,5,525.0144185393302,122.70874445282163,20.993134242072777,63.443386351366534,1,-1,-1,-1
23,7,175.2578145239747,123.37460467485569,14.885258898988457,40.32431609870096,1,-1,-1,-1
23,9,348.0834148280511,116.62962048224225,26.372542484828717,77.07347527532654,1,-1,-1,-1
23,10,135.01757716123313,128.07329582403122,15.407795843364822,41.3724832111996,1,-1,-1,-1
23,13,501.4123128603002,122.65397975348814,19.653945931290302,54.03826876295536,1,-1,-1,-1
23,14,429.9397798703928,132.94815541736997,18.229722890099044,47.228822474313056,1,-1,-1,-1
23,20,85.63841350920596,115.70669688557773,23.577246130933183,64.1053360204128,1,-1,-1,-1
23,23,263.19659421779505,127.11697376506814,10.865990623164398,29.311443521871706,1,-1,-1,-1
23,12,486.8788994660618,126.38525513337021,14.59795171991561,38.7361902075582,1,-1,-1,-1
23,25,71.22301647060323,121.78627815760603,18.11048774471305,47.447656107160356,1,-1,-1,-1
23,26,168.34521584669776,125.25780582467542,11.654359650350663,33.46973194681687,1,-1,-1,-1
23,27,408.2338918188599,125.85718459582466,12.327814602098217,31.554458894294427,1,-1,-1,-1
23,17,21.183071510121188,128.0462714320888,16.019580576111892,40.06414658929817,1,-1,-1,-1
23,28,105.53614615518848,118.95522766113281,20.29680559001366,53.89608154296875,1,-1,-1,-1
24,1,183.24169612021453,77.53588051425245,77.61534071200458,225.56569061955003,1,-1,-1,-1
24,2,379.8784782667381,112.42626541183043,28.137246630443673,77.93995375858987,1,-1,-1,-1
24,3,261.26918754811976,59.55979485431584,85.21932060866455,246.47098229897034,1,-1,-1,-1
24,5,523.7186381218942,121.43018266554695,20.441613058495516,61.83623378891761,1,-1,-1,-1
24,7,175.52123405751868,124.16952929567302,14.577053031471179,39.65782094132783,1,-1,-1,-1
24,9,348.46376461819995,117.26825373601747,26.073109835026777,75.85008147348965,1,-1,-1,-1
24,10,136.98688104130105,127.98494447064643,15.372694793090005,41.374044964003566,1,-1,-1,-1
24,13,501.4184557095458,122.71339584373776,19.570209010488714,53.86317948163107,1,-1,-1,-1
24,14,429.91939927919617,132.07039361210272,18.299268492934225,47.32437056598695,1,-1,-1,-1
24,20,89.07435611201794,115.70970815532846,21.781298710230843,59.421181898331994,1,-1,-1,-1
24,23,262.88989580575605,126.5065609077247,11.361161943109678,30.526079813446053,1,-1,-1,-1
24,12,486.6863941340646,126.2745179976444,14.720091195121153,38.84843630300773,1,-1,-1,-1
24,25,73.1084630190275,122.13317071789682,17.822845153262115,46.80973222793418,1,-1,-1,-1
24,26,168.37411413349233,125.0719470657946,11.848795682126324,34.042818275379595,1,-1,-1,-1
24,27,408.17618681827946,125.95056558249533,12.232977388488736,31.327272221408876,1,-1,-1,-1
24,17,21.948620329510195,127.61255050510317,16.175167848536965,40.459805277972244,1,-1,-1,-1
24,28,107.13584051217406,118.53959490024522,20.760135683963117,55.120663609132244,1,-1,-1,-1
25,1,182.6120189774079,77.31151644371475,77.54535842027865,225.69404269096125,1,-1,-1,-1
25,2,379.9786407776382,112.12502808466752,27.9412843470151,77.2002695625892,1,-1,-1,-1
25,3,259.8490390877702,57.66723690255206,85.79737446262858,248.81114795768534,1,-1,-1,-1
25,5,523.0143627874666,121.07126930447095,20.12329908128368,60.95987814813726,1,-1,-1,-1
25,7,174.79734363071634,125.27282445940271,13.611945394434777,37.14995044851103,1,-1,-1,-1
25,9,348.89510010094955,117.61939513629801,26.01416288276422,75.32663202745101,1,-1,-1,-1
25,10,138.64204249485044,128.77739753931147,15.06399946698771,40.66049209791306,1,-1,-1,-1
25,13,501.49477894695747,122.95545060662471,19.582590477466958,53.840601179702325,1,-1,-1,-1
25,14,429.9452851096381,131.4057609638774,18.279262407498,47.23227680385364,1,-1,-1,-1
25,20,91.08417695494478,115.53915545997806,21.864145359887598,60.084142284258725,1,-1,-1,-1
25,12,486.5427727043429,126.3052636271437,14.896000706695526,39.11183593389322,1,-1,-1,-1
25,25,74.60754858734023,123.24223717991049,17.131466426824815,45.08954476487794,1,-1,-1,-1
25,17,22.96946518622393,127.35524973111369,16.082908265215597,40.134560282380654,1,-1,-1,-1
25,8,110.32175229532197,119.32032578843932,22.058824024068915,56.83087459636604,1,-1,-1,-1
26,1,182.56864930767415,76.3540243070637,77.27352651478606,225.15318912466665,1,-1,-1,-1
26,2,379.99395911173553,112.04231195906411,28.165566598290187,77.71620727612465,1,-1,-1,-1
26,3,258.0473041419044,57.19093173710303,85.02133811394452,246.55469319873333,1,-1,-1,-1
26,5,522.509589972517,121.29932294933252,19.795642519018173,59.9771189120749,1,-1,-1,-1
26,7,177.3079748244495,124.56755448929354,13.830941438647773,37.848723531888936,1,-1,-1,-1
26,9,349.67543016107794,116.87528729406446,25.95266822620906,74.78379591957246,1,-1,-1,-1
26,10,139.78719895584598,127.87987048600877,15.132073946700084,40.92737918821076,1,-1,-1,-1
26,13,501.54857379882094,123.07805465294891,19.652143463774927,53.94279118099085,1,-1,-1,-1
26,14,429.9343625772716,131.47183005600246,18.098893494225575,46.76784186963024,1,-1,-1,-1
26,20,92.47513624650006,114.98686226749204,22.153449637422305,61.017047080425904,1,-1,-1,-1
26,12,486.4255546901814,126.31859009248689,14.95975787999581,39.12267131292559,1,-1,-1,-1
26,25,75.72295219124146,122.77821548696338,17.204548622641656,45.44531900159838,1,-1,-1,-1
26,17,24.653621133275777,126.85082897301857,16.32105334947877,40.632450282512664,1,-1,-1,-1
26,8,113.12188533876575,118.60389979003162,22.202385316418145,57.79666416881559,1,-1,-1,-1
26,26,172.21676847624022,125.09734525142925,12.283280049117488,35.25617573433354,1,-1,-1,-1
27,1,182.37960453103892,75.11148679240523,77.08949432696022,224.58599415219794,1,-1,-1,-1
27,2,380.2477069362255,112.59900306478939,27.968668181265954,77.1099026815813,1,-1,-1,-1
27,3,256.97938871033824,58.8823486744881,84.94864455789575,246.08071259509705,1,-1,-1,-1
27,5,521.847060401188,121.6917272285326,19.415447105463738,58.63298900477602,1,-1,-1,-1
27,7,178.0795157044206,124.10693701471595,14.073401152431131,38.525941353467616,1,-1,-1,-1
27,9,350.12692113987237,116.5547423521096,26.105065597550407,74.95024706033878,1,-1,-1,-1
27,10,141.3259765320625,126.67548105163578,15.081574366954651,40.974581361087914,1,-1,-1,-1
27,13,505.33882338035755,123.92186234010742,19.116236454866115,52.53488353598395,1,-1,-1,-1
27,14,429.9770758788416,131.34174652366366,17.87097163918285,46.26159039877213,1,-1,-1,-1
27,20,94.77244424865529,115.59677483818396,21.892342596870797,60.46548704035433,1,-1,-1,-1
27,12,486.3356383556614,126.39212041042872,14.987409170994777,39.05659685646177,1,-1,-1,-1
27,25,77.44472420484833,123.41902328777039,16.878459397099565,44.57834566452038,1,-1,-1,-1
27,8,115.4160737614062,117.88427334317291,22.341185401518533,58.623682242948306,1,-1,-1,-1
27,26,172.60502153882086,124.90006917087196,12.569946539648294,36.04177845609283,1,-1,-1,-1
28,1,181.9832417005865,74.02057601868779,77.38039218964319,225.28163110614418,1,-1,-1,-1
28,2,380.7600840145538,114.10813792049939,27.299631122385975,75.09662015849791,1,-1,-1,-1
28,3,256.6006484992028,60.93941511592854,85.9029734434378,248.71219263553223,1,-1,-1,-1
28,5,521.1831489563715,121.89599272915999,19.283835023648223,57.9565293120096,1,-1,-1,-1
28,7,178.94083670937394,124.07349652646744,14.015638537401225,38.3748911027033,1,-1,-1,-1
28,9,350.9744570926711,115.46767944237662,25.9288947425812,74.36762874061154,1,-1,-1,-1
28,10,143.42846331769152,127.12292574289756,14.808956670463093,40.37839347721695,1,-1,-1,-1
28,13,506.64665756684457,124.23650954861517,18.93853182515824,52.11627055958808,1,-1,-1,-1
28,14,431.2336432514142,129.73892752429492,18.0396400693795,46.77901488250999,1,-1,-1,-1
28,20,97.80264857959658,116.85886768602079,20.96911043706898,57.81622884407486,1,-1,-1,-1
28,12,486.2926028420896,126.45571414232235,15.04310516453548,39.06683183512198,1,-1,-1,-1
28,25,79.9872233273146,123.11507575028087,16.878084143409723,44.90494346251487,1,-1,-1,-1
28,26,172.55284977863525,124.86018928114694,12.583992892022161,36.06360864995209,1,-1,-1,-1
28,29,499.2866420243728,126.1549591064453,16.488453011801266,48.737054443359376,1,-1,-1,-1
28,17,27.086128835218485,128.05374116589516,15.997467337234392,39.71235054601127,1,-1,-1,-1
29,1,181.5092129211326,72.7915669054956,77.74105597954147,226.1985768553691,1,-1,-1,-1
29,2,381.3208149779377,116.97128617576826,26.042130318819666,71.86763451334708,1,-1,-1,-1
29,3,256.6903552088183,65.15572995796501,85.20559807698517,245.9336259635562,1,-1,-1,-1
29,5,520.7457315236276,122.09694550385693,19.214383762085372,57.4016772261584,1,-1,-1,-1
29,7,179.60811043364956,124.23545171665111,14.04481608301375,38.40932763005021,1,-1,-1,-1
29,9,351.759849392853,114.85612070954487,25.840849894618213,74.00555183756902,1,-1,-1,-1
29,10,145.32722961518334,127.32313783650233,14.637019329677726,39.8839090576726,1,-1,-1,-1
29,13,506.68163867315405,123.36373814352608,19.201594122780833,52.61604070616616,1,-1,-1,-1
29,14,430.32991036131546,130.0916108364916,17.748997685848124,46.1478812878685,1,-1,-1,-1
29,20,100.30774901573282,117.74358142424083,21.390690419060867,58.70997819597414,1,-1,-1,-1
29,12,486.27726285556537,126.55815498566741,15.047759760518375,38.93507827704502,1,-1,-1,-1
29,25,81.56850191804719,123.89836523212392,16.67812699013318,44.704537981417516,1,-1,-1,-1
29,26,172.45615989843188,125.17253986928749,12.30952047942521,35.226420138968116,1,-1,-1,-1
29,29,499.31842730267743,126.09143198329336,16.654700230659113,49.20459895574303,1,-1,-1,-1
29,17,28.841705207189523,128.2484204405006,15.683632457605762,38.923785450256545,1,-1,-1,-1
29,16,463.31110741565186,129.9371173082041,10.201465401728933,25.735647421381554,1,-1,-1,-1
29,15,398.8234084370975,126.47547533150576,10.375917841806919,27.59763220496055,1,-1,-1,-1
29,27,408.3094571809298,126.75485298552888,11.76905019569094,30.141326523574506,1,-1,-1,-1
